72 868
75 173
75 174
79 790
79 86
81 790
81 86
82 5789
83 5789
87 179
88 188
170 186
170 185
171 284
173 176
174 176
174 188
174 964
176 964
179 188
183 188
185 279
188 190
188 980
190 985
248 284
248 966
248 1069
248 1068
255 264
255 263
255 284
255 261
256 5972
256 264
256 263
261 1074
262 287
262 1091
264 287
279 284
279 285
280 285
282 284
282 285
282 1088
285 287
287 385
346 368
349 354
349 352
352 1176
354 368
360 362
360 363
360 6073
362 368
363 385
364 6094
365 368
365 6094
365 470
365 484
378 385
378 389
380 389
380 6094
380 388
385 389
385 1189
473 478
473 490
478 569
478 570
485 489
490 587
491 587
553 564
566 585
566 584
567 685
582 587
584 680
587 589
587 1392
589 1397
659 674
659 672
665 674
665 685
665 675
666 674
666 675
669 685
669 1484
669 1381
669 1486
672 1491
673 688
673 1506
675 688
680 685
680 686
683 685
683 686
683 1503
686 688
761 766
770 772
770 773
774 6505
781 6505
781 790
785 1603
787 1603
787 790
867 875
867 885
873 1709
873 890
875 1709
879 882
882 890
884 890
884 889
884 982
885 991
885 968
887 1709
887 890
887 1704
889 892
889 989
892 1709
892 1707
968 1784
980 983
980 982
983 995
984 1069
984 1084
984 1070
984 987
985 987
989 991
989 995
1068 1074
1072 1091
1075 1081
1078 1095
1078 1903
1079 1095
1081 1903
1084 1088
1084 1086
1086 1095
1086 1088
1088 1091
1093 1095
1175 1182
1175 1195
1177 1182
1177 1179
1177 1192
1177 1999
1177 2002
1177 2013
1180 1182
1180 1195
1180 1278
1180 2088
1187 1189
1187 1191
1191 1197
1192 1197
1195 1197
1269 1278
1269 1279
1271 1281
1273 1281
1273 1289
1280 1294
1280 2104
1281 1383
1285 1294
1289 1294
1289 1401
1289 2106
1291 1294
1291 2109
1368 1380
1368 1387
1378 1380
1378 1387
1378 1403
1378 1383
1383 2199
1383 2201
1392 1394
1392 1395
1395 1403
1395 1407
1396 1486
1396 1487
1396 1399
1397 1399
1401 1403
1401 1407
1483 1486
1483 1487
1484 1491
1487 1501
1487 1503
1489 1491
1489 1506
1492 1498
1495 1510
1495 2310
1498 2310
1503 1506
1508 1510
1594 1596
1594 1609
1594 866
1601 1603
1601 1605
1605 1611
1606 1611
1611 2425
1674 1689
1674 1696
1684 1693
1689 1693
1691 1695
1691 1693
1691 2504
1698 2607
1702 1709
1702 1704
1702 1714
1704 1709
1704 1707
1707 1715
1707 1816
1711 1714
1711 1713
1784 1816
1784 1815
1785 1795
1785 1916
1785 1898
1787 1792
1787 1791
1787 1790
1790 2612
1790 2621
1791 1816
1791 1815
1792 1796
1792 1795
1792 1794
1794 1907
1794 2712
1815 1819
1819 1823
1819 1916
1819 1915
1821 2623
1823 2625
1823 2729
1823 1922
1892 1910
1892 1904
1892 1907
1892 2712
1898 1904
1898 1903
1898 1905
1900 1903
1901 1910
1901 2004
1901 1999
1905 1924
1905 1923
1907 2729
1907 2713
1908 1910
1908 1924
1908 1923
1908 2003
1908 1912
1910 1912
1912 2830
1917 1923
1917 1919
1917 2021
1924 2733
2001 2089
2001 2098
2001 2088
2003 2020
2003 2021
2004 2803
2006 2803
2006 2098
2007 2836
2007 2098
2007 2115
2015 2017
2015 2018
2015 2020
2015 2021
2017 2116
2022 2836
2022 2115
2080 2091
2080 2099
2080 2199
2089 2096
2091 2099
2091 2096
2094 2098
2094 2096
2094 2918
2100 2935
2101 3015
2104 2109
2106 2112
2107 2116
2107 2118
2107 2109
2109 2112
2112 2119
2112 2217
2199 2201
2201 2217
2201 2216
2202 2212
2202 2305
2202 2317
2204 2209
2204 2208
2204 2207
2207 3031
2207 3020
2208 2217
2208 2216
2209 2213
2209 2211
2209 2212
2211 2314
2211 3122
2216 2220
2218 2220
2220 2317
2220 2224
2220 2316
2222 3033
2224 3035
2224 3137
2224 2323
2288 2311
2288 3109
2299 2311
2299 2314
2299 3122
2305 2312
2305 2311
2305 2310
2307 2310
2314 3137
2314 3123
2318 2324
2318 2428
2406 2412
2406 2413
2406 1695
2408 2428
2408 2427
2409 3228
2412 3228
2413 3249
2413 1713
2422 2428
2422 2425
2422 2427
2429 3249
2429 1713
2505 2520
2506 2512
2507 2614
2507 2607
2508 2607
2508 2520
2512 2614
2525 2531
2525 3355
2529 3338
2529 3449
2607 2612
2607 2621
2610 2612
2610 2634
2610 2613
2613 2617
2614 2617
2615 2617
2615 3338
2615 3449
2621 2623
2713 2733
2714 2830
2715 2830
2715 2833
2717 2737
2717 2722
2717 2719
2717 2720
2720 3541
2721 2807
2721 3541
2723 2807
2723 2833
2723 2839
2730 2733
2730 2833
2734 3554
2735 2737
2738 2807
2738 2839
2738 3555
2738 3645
2806 2813
2806 3632
2807 3632
2808 3632
2808 3636
2808 3635
2810 2813
2810 3620
2810 2814
2814 3735
2834 2840
2834 2839
2843 2938
2843 2939
2843 2937
2906 2926
2919 2935
2920 2926
2921 3015
2921 3022
2926 3022
2926 3737
2934 3037
2939 3753
2939 3751
2942 3738
2942 3854
2944 3753
2944 3751
3015 3031
3015 3020
3018 3020
3018 3043
3018 3021
3021 3025
3022 3025
3023 3025
3023 3738
3023 3854
3031 3037
3031 3033
3033 3037
3109 3226
3124 3226
3125 3226
3125 3247
3127 3129
3127 3144
3127 3132
3127 3130
3130 3946
3131 3244
3131 3946
3131 3232
3136 3244
3136 3247
3138 3247
3142 3144
3145 3244
3145 3252
3226 3228
3226 3229
3229 3237
3229 2503
3231 3237
3231 3244
3231 3248
3231 4042
3232 3244
3232 4046
3232 4042
3232 4045
3234 3237
3234 4031
3234 4026
3245 3248
3245 3247
3248 3252
3340 4141
3342 4159
3343 3438
3343 3439
3349 3359
3354 3359
3360 3447
3361 3456
3436 3544
3436 3559
3438 3441
3439 3441
3439 4244
3439 3456
3447 3456
3451 3456
3452 3554
3456 3459
3456 4260
3539 3547
3539 3548
3539 3544
3539 3559
3541 3547
3541 3548
3544 4367
3544 4365
3546 3562
3546 4374
3548 3562
3554 3559
3554 3560
3555 3560
3555 3645
3555 3646
3557 4333
3557 3559
3557 3560
3557 4371
3560 3562
3632 3636
3632 3635
3633 3636
3633 3635
3637 3735
3638 3735
3638 3753
3647 3656
3647 3655
3652 3656
3652 4476
3739 3743
3739 3759
3739 3752
3740 4558
3740 4538
3743 3832
3743 3833
3754 3758
3755 4574
3758 3882
3759 3861
3759 3882
3830 3949
3830 3964
3832 3835
3833 3835
3833 4662
3833 3861
3856 3861
3856 3882
3857 3959
3861 3864
3861 4675
3861 4673
3936 3953
3936 3951
3944 3954
3944 3953
3944 3964
3946 3954
3946 3953
3949 4763
3949 4663
3949 4762
3951 4768
3952 4784
3952 3967
3954 3967
3959 3964
3960 3965
3960 4056
3960 4057
3962 3964
3965 3967
4026 3335
4037 4873
4042 4046
4042 4045
4043 4046
4043 4045
4047 3335
4048 3335
4058 4066
4063 4066
4063 4879
4137 4873
4137 4139
4140 4148
4140 4159
4140 4245
4140 4166
4141 4159
4146 4171
4146 4968
4160 4163
4163 4171
4165 4171
4165 4170
4166 4171
4166 4170
4168 4171
4168 4971
4170 4268
4170 4173
4173 4974
4230 4244
4230 4252
4230 4245
4245 4248
4245 4270
4246 4367
4246 4365
4248 5064
4253 5065
4259 4274
4259 4270
4263 4266
4263 4367
4263 4333
4264 4266
4268 4274
4268 4270
4333 4367
4333 4371
4333 4369
4334 4367
4334 4369
4336 4338
4336 4374
4339 4345
4342 5167
4345 5167
4369 4371
4371 4374
4374 4474
4376 4378
4459 4466
4459 4481
4464 4466
4464 4481
4464 5350
4464 4562
4467 5350
4467 4562
4474 4476
4474 4477
4477 4483
4478 4483
4481 4483
4553 4563
4553 4562
4554 4574
4555 4574
4557 4565
4557 4577
4557 4660
4564 4583
4564 5402
4565 4665
4572 4583
4576 4583
4576 4582
4576 4675
4577 4583
4577 4582
4579 4583
4579 5402
4579 5397
4581 4681
4581 5400
4582 4681
4645 4669
4645 4662
4660 4669
4660 4662
4660 4683
4660 4665
4665 5467
4673 4675
4673 4676
4678 4680
4681 4683
4681 4687
4762 4768
4764 4781
4764 4779
4766 4768
4766 4784
4772 4788
4772 5568
4772 5682
4773 5682
4775 5568
4779 4788
4781 4784
4786 4788
4786 5682
4851 4882
4853 4874
4853 4855
4853 4885
4855 4882
4855 4885
4875 4882
4875 5682
4875 5668
4875 5665
4877 4879
4877 4881
4881 4887
4882 4887
4885 4887
4945 4956
4945 4962
4945 5062
4951 4960
4956 4960
4958 5681
4958 4960
4958 5765
4963 5780
4964 5862
4968 4971
4969 4971
4969 4980
4971 4974
4974 4981
4974 5084
4976 4980
4976 4979
4977 4980
4977 4979
5045 5071
5045 5070
5045 5069
5062 5064
5064 5084
5064 5083
5065 5074
5065 5162
5065 5182
5069 5866
5069 5883
5070 5084
5070 5083
5071 5075
5071 5074
5071 5073
5073 5961
5073 5171
5083 5087
5085 5087
5087 5182
5087 5091
5087 5181
5089 5885
5091 5887
5091 5974
5091 5975
5156 5168
5156 5174
5156 5961
5156 5171
5162 5167
5162 5169
5162 5168
5164 5167
5165 5263
5165 5268
5169 5188
5169 5180
5171 5962
5171 5975
5172 5174
5172 5188
5172 5180
5172 5267
5172 5947
5174 5947
5180 5979
5183 5188
5183 5185
5183 5284
5255 5350
5255 5351
5265 5350
5265 5360
5265 5405
5265 5351
5266 5281
5267 5283
5267 5284
5268 6068
5270 5360
5270 6068
5271 6087
5271 5360
5278 5281
5278 5283
5278 5284
5279 5281
5281 5405
5285 6087
5351 5358
5353 5358
5356 5360
5356 5358
5356 6162
5361 6178
5362 6182
5369 5404
5370 5484
5395 5405
5395 5402
5395 5397
5397 5400
5400 5484
5404 6087
5465 5467
5467 5484
5467 5483
5468 5478
5468 5563
5468 5584
5470 5475
5470 5474
5470 6178
5470 5473
5473 6271
5473 6279
5474 5484
5474 5483
5477 5569
5477 6372
5477 5572
5483 5487
5485 5487
5487 5491
5487 5584
5487 5583
5489 6281
5491 6283
5491 6401
5491 5590
5563 5570
5563 5569
5563 5568
5565 5568
5566 5665
5566 5670
5570 5591
5570 5592
5572 6401
5572 6400
5573 5575
5573 5669
5573 5577
5573 5591
5573 5592
5575 5577
5577 6477
5577 6475
5585 5591
5585 5587
5585 5690
5592 6405
5667 5674
5667 5673
5667 5681
5669 5690
5669 5689
5670 6477
5673 6477
5674 6498
5674 4979
5684 5690
5684 5689
5691 6498
5691 4979
5755 5773
5766 5780
5767 5773
5768 5862
5768 5871
5769 5862
5769 5780
5773 5871
5782 5786
5782 5785
5787 5791
5787 5789
5788 5791
5788 5789
5846 5866
5846 5870
5846 5893
5846 5969
5846 5961
5862 5866
5862 5883
5867 5871
5867 5870
5867 5869
5883 5885
5891 5982
5892 5982
5893 5982
5947 6066
5957 5973
5957 5963
5957 6073
5962 5982
5962 5979
5964 6066
5964 6084
5966 5973
5966 5969
5967 5973
5967 5969
5967 5982
5970 5986
5970 6082
5970 6084
5970 5972
5976 5979
5976 6084
5980 5982
5980 5988
5980 5986
5980 5983
5986 6089
5986 377
6066 6068
6066 6069
6069 6078
6072 6078
6090 6094
6092 6188
6092 6187
6092 6094
6163 6182
6165 6178
6165 6266
6165 6276
6166 6178
6166 6182
6166 6266
6170 6276
6184 6188
6184 6187
6184 484
6184 6191
6184 482
6189 6193
6189 6191
6190 6193
6190 6191
6266 6271
6266 6275
6269 6271
6269 6288
6269 6275
6272 6275
6272 6276
6272 6274
6279 6281
6286 6408
6287 6408
6288 6408
6366 6373
6366 6383
6366 6382
6366 6482
6373 6475
6374 6475
6374 6496
6376 6379
6376 6383
6377 6379
6377 6383
6377 6408
6380 6493
6380 6412
6380 6496
6382 6493
6382 6412
6400 6405
6402 6405
6402 6496
6406 6412
6406 6408
6406 6413
6409 6412
6409 6413
6412 778
6475 6477
6475 6481
6475 6478
6478 6487
6481 6487
6484 6487
6484 6483
6494 6497
6494 6496
6500 778
6503 6505
