18 1534
20 1147
20 1532
20 1439
39 1513
39 1511
40 1511
40 734
43 1123
43 1145
43 1509
43 1508
43 730
43 1531
63 1489
65 1489
67 1027
67 1098
67 1392
67 708
67 1484
67 1388
87 3483
87 1465
89 1099
92 1462
92 1460
103 1196
103 1198
103 1195
107 1175
127 807
127 1193
127 1194
130 1197
132 160
132 617
132 448
132 932
132 1225
132 452
151 623
151 1218
151 807
151 4204
151 4586
153 834
153 1290
154 1315
154 1246
154 834
156 1223
176 1246
177 1245
178 1344
178 1246
179 1248
179 618
180 1344
180 1248
181 400
181 401
181 1249
204 569
204 1054
228 1511
230 1030
233 1411
233 1027
235 1025
235 1411
235 1316
254 1030
254 1029
254 1392
254 1006
254 542
256 1389
256 518
256 1000
256 451
256 909
259 518
259 1000
259 977
259 905
278 1366
278 1363
278 2595
278 2979
279 1003
279 1005
280 495
280 2885
280 2977
282 1366
282 1363
282 1364
282 491
294 1268
297 885
297 1270
297 1659
297 1663
297 2494
298 907
298 1268
299 909
299 1295
317 1294
320 907
320 906
323 1318
323 908
323 451
323 1294
345 1318
345 932
346 1320
346 1319
346 933
346 1318
346 932
370 1437
370 1342
371 958
371 1320
371 1248
400 1346
400 961
400 1345
404 1440
404 1437
404 1342
425 1318
431 1290
454 1318
456 1294
456 808
456 1195
475 907
475 1295
475 1270
475 1175
477 977
477 905
479 1268
491 977
491 881
495 1366
495 1363
496 2595
496 2979
517 1392
518 1003
518 1005
519 1030
519 1029
543 1507
543 1414
544 1030
568 1054
568 1440
570 1534
571 1439
592 1249
592 1344
595 1246
596 1245
596 4609
596 3838
596 1243
617 1223
623 1223
642 808
642 1195
643 1197
643 807
644 1196
644 1193
648 1193
648 1194
666 1175
671 782
685 1099
686 1468
686 1465
687 3483
687 1465
688 1104
688 3483
688 1465
709 1489
730 1511
730 1507
730 1414
734 1511
735 1513
785 4156
785 4900
809 1290
810 1197
834 1315
836 3104
836 4587
838 1248
862 1249
885 2885
907 1294
907 1295
957 1437
958 963
958 1346
1055 1534
1056 1534
1056 1439
1126 1513
1145 1534
1170 1663
1174 1196
1174 1193
1460 2683
1460 3068
1557 2519
1557 2313
1557 2518
1557 2317
1579 2923
1583 2542
1583 2544
1583 2519
1583 2923
1586 2929
1604 2565
1607 2951
1607 2566
1608 2857
1609 2265
1609 2952
1610 2929
1629 2588
1629 2268
1629 2496
1630 2592
1630 2594
1630 2564
1630 2972
1633 2973
1658 2500
1658 2883
1658 2403
1659 2403
1662 2853
1662 2496
1663 2494
1663 2878
1664 2883
1664 2853
1664 2882
1686 2853
1686 2473
1686 2469
1687 2857
1687 2834
1687 2445
1708 2926
1708 2810
1708 2449
1709 2834
1709 2448
1710 2448
1710 2831
1710 2449
1710 2809
1711 2831
1711 1972
1711 2737
1711 2713
1714 2448
1714 2805
1714 2829
1732 2808
1732 401
1735 2809
1735 2421
1735 2805
1750 3001
1750 2635
1750 2999
1751 5011
1751 2612
1751 2997
1753 5007
1753 5011
1753 16
1773 3020
1773 2637
1776 2929
1796 2682
1796 3043
1796 3066
1796 2951
1799 3047
1799 2663
1799 2665
1799 2664
1799 2263
1801 3048
1801 2664
1801 2073
1819 3066
1820 2683
1820 3068
1822 2685
1822 2682
1822 2978
1822 2594
1823 2687
1823 2054
1823 3071
1823 2685
1823 3068
1854 2403
1854 2786
1855 2402
1855 2214
1855 2379
1858 2882
1858 2786
1860 2397
1860 2780
1884 2756
1884 2732
1902 2735
1902 2737
1902 2329
1905 5946
1908 2353
1908 2732
1928 2713
1928 2330
1929 2352
1929 1970
1929 1967
1929 5313
1942 5313
1942 5970
1942 5972
1945 5966
1945 5697
1945 5970
1945 4613
1946 5966
1947 5313
1969 2443
1969 2354
1969 2733
1996 2761
1996 2756
2015 2397
2015 2780
2015 5379
2015 5902
2021 2403
2021 2786
2051 3071
2076 2682
2076 3066
2101 3020
2101 2637
2120 5011
2121 2620
2121 2618
2121 5007
2121 2617
2121 16
2138 2900
2140 2808
2140 401
2141 2449
2141 2809
2160 2733
2165 2926
2165 2834
2165 2448
2190 2473
2210 2883
2210 2882
2210 2494
2210 2878
2217 2885
2217 2500
2217 2883
2238 2978
2238 2594
2240 2595
2240 2977
2242 2973
2242 2972
2243 2972
2269 2857
2287 2929
2287 2950
2288 2929
2288 2950
2290 2926
2290 2923
2292 2565
2313 2810
2313 2807
2314 569
2314 374
2329 5313
2352 5946
2373 2756
2373 2732
2373 5744
2373 5926
2373 5741
2398 5379
2398 5902
2402 2882
2402 2786
2425 2810
2425 2807
2443 2448
2515 2900
2564 2570
2564 2953
2588 2972
2902 569
2902 374
2978 3070
3104 4227
3104 4612
3105 4611
3105 4423
3107 3837
3107 4608
3107 4824
3109 4611
3109 4607
3109 4201
3127 3796
3127 4180
3127 4562
3130 4204
3130 4586
3131 4588
3131 4607
3131 4201
3153 4562
3153 4177
3153 3791
3175 4156
3175 4900
3177 4537
3179 4537
3179 5903
3179 5764
3187 3478
3189 3507
3189 4502
3189 4528
3191 1468
3192 4525
3192 687
3192 3483
3193 3579
3193 4524
3214 3599
3214 4310
3214 4502
3215 3989
3215 3509
3215 4008
3215 3599
3216 4525
3216 3507
3216 3888
3239 4478
3240 4008
3240 3599
3241 4474
3241 4287
3242 4475
3244 4037
3244 4450
3244 4474
3263 4454
3263 4453
3267 4037
3267 4450
3267 4451
3268 4449
3293 4424
3293 3747
3293 4422
3297 4133
3297 4420
3297 4418
3299 4133
3299 4418
3317 4114
3317 4399
3318 4421
3318 4399
3318 4014
3318 4282
3319 4114
3319 4399
3320 4199
3321 4395
3321 4374
3321 4177
3321 4106
3342 4374
3343 3794
3343 4081
3343 3694
3348 4056
3348 4309
3348 3963
3367 4059
3367 4348
3367 6086
3367 5675
3368 4345
3369 4348
3369 5580
3369 6088
3371 4345
3372 4345
3372 4059
3372 4348
3382 5574
3383 4333
3383 5191
3383 6058
3386 3579
3386 3966
3386 4331
3386 4739
3387 3674
3387 4329
3387 3963
3387 4333
3406 4502
3408 4009
3408 4008
3408 3987
3410 4330
3411 4306
3412 4371
3412 3697
3412 3990
3412 4305
3412 4329
3431 3647
3431 4282
3431 3649
3431 4010
3432 4285
3432 4284
3432 4011
3433 4284
3433 4282
3433 4010
3434 4258
3434 4284
3434 4037
3455 4262
3455 4261
3456 4418
3456 3649
3456 4036
3456 4259
3459 4449
3460 4449
3479 4528
3479 4529
3479 3478
3480 4528
3485 4524
3508 4501
3508 4497
3509 4502
3529 4478
3531 4287
3532 4451
3532 4475
3533 4475
3555 4287
3558 4449
3576 4056
3576 4333
3579 4329
3579 4330
3605 4306
3627 4393
3648 4262
3648 4261
3653 4258
3669 4345
3669 4056
3671 4538
3671 4537
3674 4345
3693 4370
3698 4565
3699 4374
3700 4565
3718 4106
3722 4393
3748 3841
3748 4423
3749 4423
3749 4424
3749 4420
3769 4563
3791 4563
3818 4611
3837 4424
3837 4420
3864 5574
3888 4505
3889 4478
3943 4449
3966 5580
3966 6064
3966 5191
3966 6058
3990 4306
4012 4284
4012 4474
4014 4042
4016 4397
4042 4258
4059 4345
4105 4399
4105 4130
4154 4563
4156 4542
4158 4542
4199 4588
4203 4611
4305 4329
4327 5580
4327 6064
4331 5574
4349 6086
4349 5675
4503 4505
4633 5595
4633 5212
4634 5595
4634 5212
4634 5597
4635 5597
4636 5212
4637 6138
4657 6138
4657 5623
4657 5619
4657 5140
4657 6165
4660 5624
4660 6138
4660 5627
4662 6138
4684 6115
4685 6114
4688 5672
4688 5674
4688 5269
4688 5650
4688 6116
4707 5908
4707 6093
4710 5675
4710 5672
4710 6088
4712 5903
4712 6086
4712 5670
4742 5672
4742 6092
4742 5284
4742 5575
4742 6060
4743 5574
4743 6058
4763 5549
4763 6036
4763 5164
4765 5551
4765 6035
4766 5551
4766 6035
4785 6011
4789 5820
4789 5431
4791 6035
4791 6014
4791 6010
4793 5528
4793 5820
4793 6008
4793 5430
4793 5816
4812 5529
4812 5989
4812 5990
4812 5988
4813 5988
4813 3459
4813 3455
4814 5600
4814 5990
4814 5140
4814 6165
4815 5505
4815 5986
4815 5502
4816 5989
4816 6008
4816 6009
4816 5502
4816 5985
4848 5950
4848 5334
4848 5948
4848 5718
4848 5716
4851 6135
4851 5624
4873 5926
4873 5925
4874 5358
4874 5746
4874 5359
4874 5743
4874 5923
4876 5923
4894 5904
4894 5908
4894 5763
4894 5740
4894 5356
4896 5903
4896 5764
4898 5900
4898 5904
4899 5768
4899 5899
4933 6061
4936 5865
4936 5477
4936 5480
4938 5478
4938 5477
4938 5863
4958 5843
4959 6032
4959 5456
4959 5480
4960 5456
4981 5796
4982 5819
4982 5433
4982 5432
4982 5815
4982 5042
5008 5410
5008 3268
5008 4454
5009 5792
5009 5791
5020 3268
5020 4454
5020 3455
5021 5985
5021 5792
5022 5410
5022 2620
5022 5007
5023 5410
5024 5988
5041 5815
5041 5791
5041 5429
5041 2615
5047 5796
5070 5843
5071 5843
5095 6061
5095 5577
5095 5483
5095 5865
5115 5985
5115 3455
5120 5988
5120 3459
5140 6008
5140 6009
5141 6011
5141 5796
5142 5528
5142 6011
5142 5529
5142 6008
5143 6011
5162 6010
5163 6010
5168 6035
5168 6014
5188 5574
5188 6058
5191 6092
5191 6060
5214 5599
5214 4422
5214 4040
5237 6140
5237 6115
5238 5627
5238 6137
5241 5950
5241 6111
5241 6135
5261 6116
5261 6117
5261 6114
5262 6115
5264 5269
5264 5650
5264 6112
5285 5672
5285 5674
5285 6093
5285 6116
5308 5972
5308 4824
5332 5950
5332 5718
5332 6140
5356 5926
5356 5925
5359 5923
5405 5011
5456 6032
5480 6032
5595 5986
5595 6165
5648 6112
5668 6093
5720 5950
5720 6111
5720 6135
5744 5923
5813 5815
5813 5429
5845 6061
