4192 4193
4361 4558
3069 3599
5262 4921
4563 4901
4009 4193
3787 3972
4193 4009
4324 4189
4558 3806
5595 3125
5445 5591
5641 3100
4159 4445
4841 4442
5354 5407
3568 3356
3209 3206
3373 3896
5026 4689
4274 4624
5548 5356
4090 3898
2993 3372
2962 2945
3014 3012
3166 5732
4084 4130
5588 5542
2963 5565
4995 4813
4423 4107
2912 2895
5318 2947
4764 5157
4632 4631
2006 1617
5314 4787
5313 5487
3306 3699
3174 3173
203 2938
186 3331
3500 3618
4051 1084
4232 4231
4958 5076
5509 2542
2892 2121
201 5513
2969 2758
5128 2005
2007 4142
2006 1617
4427 1300
3670 547
549 5600
202 2545
1090 3492
3849 1217
1267 1663
1299 1445
1660 1087
1781 4762
4950 4947
5307 2675
2531 2370
205 2905
2731 2866
2870 2869
1412 1411
1052 685
550 1024
349 322
862 1032
486 2679
2867 341
722 1025
1012 862
1667 1913
1799 780
1409 2182
2320 4940
2673 2547
2651 126
2446 2513
2107 2088
2110 1898
1773 1919
1561 1767
1193 1224
1588 1584
988 1055
649 630
652 315
461 440
103 309
191 290
961 68
1529 1591
2419 1526
1915 2302
133 71
1173 1505
1138 1358
1174 982
799 747
574 645
439 2813
441 77
1051 3043
2140 1940
2814 2591
2354 1710
1118 1140
1479 962