20 707
20 1072
20 1445
37 1050
37 688
37 1051
38 1079
41 189
43 1422
43 1445
44 1422
68 4264
68 1400
79 645
79 997
79 1297
79 470
80 998
80 996
80 1378
80 2536
80 2538
80 2905
83 1381
83 1382
89 1098
89 1893
89 3000
89 3932
90 1103
90 1099
91 1133
106 1126
106 3952
106 4313
108 758
108 1220
108 757
110 1132
110 615
113 1242
113 587
113 783
113 1132
125 1153
125 615
125 4338
126 615
131 568
131 1175
134 1153
157 1179
158 3631
182 546
182 189
182 1358
186 974
186 1357
186 543
187 1358
187 543
187 1359
191 1360
191 976
191 1359
205 1344
205 957
228 490
228 1319
231 1339
232 1339
233 1313
233 933
234 953
258 1295
259 918
259 1295
259 2102
262 1293
263 2534
263 2818
265 1202
265 450
273 1200
273 1199
273 1099
273 2077
273 1568
274 445
274 1200
274 1202
274 452
277 918
277 828
277 829
298 1241
299 847
299 1221
300 426
300 425
300 847
300 1221
301 848
303 426
303 425
304 1249
323 1242
323 1241
325 1241
341 894
341 1267
343 1270
343 894
344 377
344 347
344 1270
344 376
344 894
345 1270
345 383
345 566
347 974
347 377
347 375
347 1268
376 1357
376 1243
378 1270
380 1267
384 894
384 1267
399 874
399 1242
399 1241
400 1242
401 869
401 510
401 870
403 953
403 874
425 874
446 828
446 829
449 1105
449 2355
451 1220
451 635
452 1220
452 635
465 1289
465 2434
465 2726
465 2353
466 1313
466 933
467 1295
510 1357
510 1338
511 1417
511 1339
512 1339
515 1249
516 1337
516 1338
517 1344
517 957
517 1337
517 1338
565 1179
565 3631
566 1176
569 1179
569 1175
569 4354
589 1175
589 4354
610 1132
611 1133
612 1129
612 1126
612 4316
613 1129
613 1133
613 4316
615 2960
616 1126
616 3952
617 3952
617 4313
632 1105
632 1103
632 1099
633 1102
633 1103
633 2355
633 1101
636 2259
636 1097
636 1893
665 1399
665 1382
666 1404
666 1399
666 1382
667 1030
668 1404
668 1406
690 1406
706 1445
781 1153
781 3607
782 1153
800 1176
804 2559
804 1179
804 2555
804 3631
824 1289
824 1200
825 1200
826 1105
829 1205
869 953
870 1338
874 1249
896 1270
915 1293
997 1385
998 1385
1025 1404
1028 1404
1030 1406
1049 1053
1049 1056
1050 1053
1050 1056
1051 1445
1097 2637
1098 4313
1099 2077
1099 1751
1101 2637
1128 1153
1128 1132
1128 4338
1129 1132
1148 3973
1199 1568
1378 1381
1378 1382
1383 2820
1401 1406
1462 2747
1463 2391
1463 2771
1463 2151
1464 2753
1467 2755
1467 2375
1467 2753
1467 2752
1486 2776
1486 2777
1486 2393
1487 2777
1487 2146
1507 2815
1507 2796
1507 2327
1507 2328
1508 2875
1508 2127
1508 2797
1509 2797
1510 2127
1511 2776
1512 2707
1512 2776
1513 2414
1513 2795
1513 2796
1513 2333
1513 2328
1514 2123
1514 2415
1514 2802
1514 2795
1514 2796
1540 2816
1540 2817
1541 2435
1541 2104
1541 2414
1541 2802
1542 2435
1542 2104
1543 2534
1543 2533
1543 2107
1543 2816
1560 2432
1560 2079
1560 2726
1561 2815
1561 2079
1561 2701
1562 2079
1563 2355
1563 2728
1565 2725
1569 2352
1569 2725
1569 2073
1584 2700
1584 2332
1584 2699
1585 2701
1585 2330
1585 2702
1585 2700
1586 2327
1586 2073
1586 2057
1586 2328
1588 2411
1588 2332
1610 2332
1630 2660
1634 2563
1634 896
1635 2183
1635 2660
1636 2678
1636 1820
1637 2678
1637 2660
1637 1820
1670 2483
1670 2859
1670 2858
1671 4717
1671 2857
1671 2839
1672 2862
1672 2857
1672 2839
1673 2488
1674 2862
1674 2864
1696 2513
1696 2880
1696 2514
1696 2864
1711 2905
1711 2534
1711 2533
1712 2903
1713 2530
1713 2903
1749 2330
1749 2238
1750 2637
1750 5093
1751 2259
1751 2634
1753 2634
1754 2637
1754 2633
1754 4628
1770 2330
1770 1873
1770 2238
1772 2700
1772 2241
1773 2238
1773 2241
1773 2055
1774 2240
1774 2633
1774 5597
1774 5435
1774 4628
1795 2033
1795 2219
1795 2215
1796 2219
1796 2584
1796 2591
1797 2587
1797 2584
1797 4590
1797 5417
1797 5419
1798 2587
1798 2591
1798 4590
1799 2219
1799 2584
1800 5628
1800 5604
1801 2584
1801 5628
1801 5414
1802 5628
1802 5414
1817 2563
1817 2561
1817 2557
1818 2561
1818 2560
1818 896
1818 2559
1821 1828
1821 154
1821 2555
1828 2556
1828 5393
1829 2561
1829 2557
1830 2591
1845 2584
1845 5414
1852 2700
1852 2241
1864 2611
1864 4612
1870 2633
1873 2611
1896 2637
1897 5093
1931 2905
1932 2905
1932 2530
1932 2903
1953 2107
1955 2880
1955 2903
1956 2880
1980 4717
1980 2858
1990 2755
1992 2454
1992 2836
1992 2456
2005 2659
2006 2659
2006 2660
2030 2699
2036 2707
2055 2700
2055 2699
2057 2699
2076 2079
2077 2355
2077 2728
2079 2432
2079 2726
2100 2107
2100 2816
2105 2816
2105 2817
2108 2434
2108 2817
2108 2818
2146 2777
2149 2797
2150 2797
2176 2753
2177 2753
2180 2751
2239 2611
2240 2611
2261 5092
2261 5597
2262 2637
2262 5093
2282 2659
2283 2747
2283 2659
2284 2563
2287 2663
2327 2411
2328 2796
2332 2707
2373 2751
2455 2843
2456 2843
2483 2862
2486 2862
2488 2864
2507 2511
2507 2514
2508 2511
2508 2514
2509 2903
2586 2611
2586 2589
2586 4612
2587 2589
2606 5435
2606 5603
2606 5605
2859 2864
2935 4353
2936 4353
2936 3623
2936 3996
2936 4355
2954 4336
2957 4336
2957 3105
2957 4161
2958 4315
2959 3973
2959 4354
2959 3996
2960 4337
2961 3973
2961 4337
2984 3952
2995 4293
2995 3848
2995 4118
2996 3549
2996 3929
2996 3547
2996 5091
2996 5093
2996 5460
2999 3932
2999 3933
3004 4284
3004 3649
3004 5541
3004 84
3004 1381
3006 4280
3006 3652
3006 4262
3006 4283
3006 3650
3006 4282
3007 4260
3007 3684
3007 4259
3022 4261
3022 3676
3022 4265
3024 3309
3024 3771
3024 3308
3024 4282
3026 3683
3026 4258
3026 4263
3029 3793
3029 4235
3029 3334
3029 3683
3029 4258
3041 4236
3041 4263
3042 4263
3042 690
3046 4216
3047 4216
3047 3726
3050 3703
3072 4212
3073 4212
3073 3730
3073 4217
3074 4213
3074 3357
3074 1080
3098 4194
3098 3105
3098 3909
3100 3914
3100 4193
3102 4191
3103 3909
3103 4191
3103 3910
3105 4336
3105 4161
3107 3911
3107 3527
3107 3910
3121 4166
3123 4160
3123 4162
3144 4315
3144 4138
3144 3870
3147 4160
3147 3890
3148 4160
3148 4315
3148 3890
3149 4114
3150 4137
3174 4115
3174 3846
3175 4115
3175 3846
3175 5750
3176 4115
3176 3927
3176 3843
3176 3466
3176 3844
3179 4115
3179 5089
3179 5373
3181 4114
3181 3753
3181 4098
3189 3751
3189 5725
3189 4482
3190 3751
3190 4093
3190 3753
3190 4100
3215 3792
3216 4073
3216 4074
3218 4074
3218 4093
3219 4137
3219 4073
3219 4074
3220 3800
3220 4163
3222 4074
3239 3793
3239 3792
3241 4047
3241 4048
3241 3792
3257 4024
3258 4029
3258 4030
3258 4028
3259 4212
3260 4025
3260 3263
3260 4024
3261 3821
3261 4026
3261 4214
3263 3525
3263 4023
3263 4025
3263 3819
3331 4216
3332 3703
3333 3703
3351 4214
3351 3727
3353 4213
3354 4213
3354 4217
3375 4113
3375 3840
3375 3751
3375 4098
3376 3751
3376 4098
3377 4093
3378 4097
3378 3656
3378 4280
3380 3756
3399 4074
3420 3504
3420 4158
3420 4051
3421 4164
3421 3889
3421 4158
3425 3800
3425 4163
3426 4164
3445 4029
3445 4032
3445 4030
3446 4028
3447 3821
3447 4026
3465 4114
3466 4115
3466 3844
3468 4114
3469 5750
3484 4137
3487 4315
3487 4162
3504 4160
3507 4164
3508 4166
3525 4191
3528 4023
3528 4025
3548 4293
3548 3936
3549 3936
3576 3955
3576 4314
3579 3955
3579 4314
3579 4293
3579 4138
3581 4338
3581 3957
3600 3604
3600 3606
3600 4337
3601 3604
3601 3606
3601 4336
3602 4354
3602 3996
3602 4336
3606 4338
3648 4819
3648 5192
3650 5725
3650 4667
3653 4819
3653 5192
3679 3681
3679 3683
3681 690
3699 4236
3703 690
3750 4482
3756 4093
3771 4283
3794 4024
3840 4114
3843 4114
3888 4160
3889 4164
3889 4158
3895 4166
3908 4191
3908 4158
3914 5396
3929 3932
3929 3933
3934 5376
3951 4338
3951 4337
3951 3957
3968 4337
3997 4353
4029 4214
4049 4158
4099 4283
4100 4283
4284 5541
4378 5302
4379 4946
4379 5326
4379 5799
4379 5831
4380 5825
4380 5824
4380 5308
4380 5829
4380 5826
4402 5800
4402 5683
4403 5794
4423 5370
4423 5351
4423 4882
4423 4883
4424 5430
4424 5775
4424 5352
4425 5773
4425 5798
4425 5352
4425 5797
4426 5601
4426 5755
4426 5775
4427 5773
4428 5262
4428 5684
4429 4969
4429 5350
4429 5351
4429 4888
4429 4883
4431 5350
4431 5351
4457 5752
4458 5750
4458 5376
4458 5752
4459 5755
4476 5727
4477 5370
4477 5724
4477 5727
4477 5256
4477 5721
4478 5727
4479 4910
4479 5283
4479 5725
4481 5722
4481 5280
4482 5725
4482 5722
4482 4667
4483 5722
4485 4907
4485 5280
4485 5721
4500 5255
4500 4887
4500 5254
4500 5705
4501 5255
4501 5705
4502 4882
4502 5705
4502 5721
4502 4883
4504 4966
4504 4887
4526 4887
4527 5686
4527 5682
4546 5682
4550 5118
4550 3447
4551 5831
4552 5233
4552 4736
4553 5233
4553 4736
4587 5412
4587 5394
4588 5417
4588 5412
4588 5394
4589 5602
4589 5043
4589 5794
4589 5798
4590 5417
4590 5419
4610 5601
4610 5755
4611 5605
4611 5604
4612 5419
4627 5460
4627 5579
4627 5580
4628 5458
4628 5603
4665 5723
4665 5543
4665 5544
4666 5545
4666 4819
4666 5192
4666 2538
4667 4814
4667 5189
4669 5518
4669 5517
4670 5192
4670 5544
4670 5188
4670 1712
4686 5521
4689 5703
4689 5512
4690 5188
4690 1950
4690 2880
4690 1712
4711 5681
4711 5500
4711 5497
4712 5146
4712 5478
4713 5141
4713 5146
4713 5478
4713 1674
4714 5141
4714 5138
4714 5493
4714 1674
4715 5477
4716 1957
4716 1980
4718 5138
4718 5493
4733 5118
4733 5114
4733 5112
4733 5477
4734 5116
4734 5114
4734 3447
4734 5115
4735 5496
4735 5477
4736 5477
4737 5110
4737 3070
4770 5681
4770 5496
4771 5679
4771 5678
4771 5496
4774 5681
4793 5703
4793 5518
4793 5517
4794 5521
4794 5165
4795 5521
4795 5165
4795 1950
4795 2880
4796 5703
4815 5543
4816 1950
4837 5214
4837 5654
4837 5653
4838 5302
4838 5214
4838 5654
4839 5682
4840 5118
4841 3819
4841 4026
4842 5218
4861 5686
4861 5682
4882 4966
4883 5351
4883 5721
4887 5262
4887 5684
4907 5722
4908 5722
4927 5831
4928 5829
4928 5826
4928 5306
4930 5799
4931 5825
4931 3100
4946 5800
4946 5683
4948 5682
4949 5602
4949 5773
4949 5794
4949 5798
4966 5773
4970 5602
4970 5773
4990 5752
5009 5824
5009 5396
5009 3624
5010 5398
5011 5398
5038 5417
5041 5417
5043 5419
5062 5066
5062 5068
5063 5066
5063 5068
5064 5458
5064 5603
5066 5602
5090 5579
5090 5598
5090 5748
5090 5771
5090 5601
5092 5579
5092 5598
5116 5478
5118 5478
5141 5143
5141 5144
5143 5513
5143 1696
5144 5500
5144 5497
5161 5512
5165 5513
5165 1696
5214 3819
5214 4026
5215 5831
5218 5682
5233 5496
5256 5721
5302 5831
5305 5799
5310 5825
5350 5773
5371 5755
5391 5644
5393 5644
5394 5644
5413 5419
5475 3070
5475 1995
5601 5755
5724 5727
5748 5755
