18 1511
18 1509
18 565
18 1417
18 1508
20 1126
20 1417
20 1418
39 1489
40 1489
40 1487
40 1486
40 1488
41 744
41 1509
42 1487
42 1101
44 1508
44 1485
44 1506
65 1463
65 696
65 1081
85 1441
85 1056
86 1441
86 3002
86 2541
86 2629
87 1081
87 1443
87 1437
88 1441
88 3002
88 1056
89 1438
89 1078
98 1148
98 665
98 766
103 1154
104 1155
104 660
104 1153
104 1154
125 796
125 1178
125 821
126 796
126 1174
126 795
126 1176
128 798
128 795
128 1176
151 1322
151 1225
151 1203
153 4460
154 1179
154 1205
154 796
154 821
156 1231
156 582
156 608
156 1203
157 1179
157 1205
175 1225
175 1226
175 4480
175 3739
177 1230
177 1898
179 1229
179 1207
199 565
199 1417
199 1037
199 1420
199 1416
200 562
200 202
200 561
200 939
203 1417
203 1418
222 1396
222 1395
223 1395
223 537
223 988
224 1395
224 1013
224 988
224 1371
224 1009
225 1420
225 541
225 1012
225 1389
225 1388
225 1390
226 537
226 1389
227 1009
228 1483
228 1368
228 1009
246 896
246 989
247 988
248 1463
248 1369
249 1371
249 989
249 1367
251 1342
251 1343
272 1344
272 2195
272 963
272 2196
273 1344
273 1250
292 1250
293 1251
293 1250
293 868
294 987
294 513
294 1342
294 1251
294 1250
296 872
316 868
317 1276
317 796
317 1174
317 444
318 893
318 1278
318 1276
318 1299
319 515
319 966
320 1276
320 444
338 915
338 1296
338 1201
338 821
338 1274
338 639
340 1322
340 1320
341 537
341 1299
364 1704
364 1324
364 1322
364 1905
366 944
366 1324
366 1231
366 846
367 939
397 939
399 1704
399 1905
420 1300
420 1299
421 1296
422 537
422 1389
422 1296
444 868
465 872
466 2819
466 2817
467 872
468 868
468 470
491 1346
492 1369
492 1442
492 965
513 989
515 896
515 989
518 1463
561 1416
582 1207
586 1324
586 1322
587 4480
587 3742
587 4114
606 608
606 1203
609 1178
609 4460
610 1203
610 1201
638 1178
663 1150
665 4050
665 4047
674 1441
675 1442
678 1441
694 1078
696 1442
722 1489
722 744
722 1509
741 1126
765 1150
766 4413
767 1150
768 4050
768 3761
771 4050
820 4460
823 4462
823 4095
825 1207
848 1230
848 1898
848 4485
870 2447
872 2447
893 989
915 1299
964 2541
964 2629
987 1369
1010 1104
1010 1014
1010 1013
1012 1396
1012 1395
1032 1416
1033 1416
1103 3817
1153 2726
1153 1985
1229 4485
1343 1346
1344 1346
1346 1369
1531 2307
1531 5761
1539 2838
1560 2603
1560 2489
1562 2514
1562 2861
1562 2489
1562 2859
1565 2864
1565 2492
1565 2838
1566 2861
1566 2403
1585 2885
1585 2197
1585 2171
1586 2885
1587 2627
1587 2912
1587 2516
1590 2889
1592 2889
1610 2909
1612 2629
1612 1796
1612 1614
1612 2192
1612 2912
1614 2540
1614 2909
1631 2817
1631 2446
1631 2353
1632 2446
1633 2819
1654 2797
1654 2151
1654 2794
1654 2793
1657 2422
1657 2769
1657 2674
1658 2793
1658 2422
1658 2769
1678 2773
1678 1703
1678 2749
1678 2378
1678 2770
1679 2773
1679 2771
1680 2403
1680 2400
1682 2769
1682 2674
1701 2748
1701 2375
1701 397
1701 1323
1701 1704
1703 2376
1703 2105
1703 2106
1705 2375
1706 2375
1725 2931
1726 2561
1726 2954
1726 2931
1726 2267
1749 5273
1749 5640
1749 5638
1749 4906
1768 2605
1768 2976
1769 2978
1770 2978
1770 2037
1771 2605
1794 3000
1794 2608
1796 3002
1796 3000
1796 2630
1796 2628
1796 2013
1827 5571
1829 2352
1829 2724
1829 1957
1829 1852
1848 4742
1850 5571
1850 1957
1850 1852
1853 2330
1853 2698
1853 1957
1853 2328
1872 2308
1872 2306
1872 2305
1875 2678
1875 1934
1875 2306
1876 2307
1876 5545
1876 5761
1895 5179
1907 2282
1908 2678
1908 2282
1912 2679
1912 2678
1931 1934
1931 2674
1931 2306
1934 2773
1934 2770
1935 5545
1935 5760
1935 5759
1936 2679
1936 2678
1936 5179
1958 2328
1958 2674
1959 2674
1961 2798
1961 2797
1982 2446
1982 2728
1982 2724
1984 2726
1984 2728
1985 2726
1985 2728
2010 2630
2010 2628
2010 2608
2010 2013
2037 2605
2057 2954
2058 2492
2058 2246
2058 2489
2058 2954
2077 2931
2077 2267
2080 2931
2101 2650
2105 2375
2127 2861
2127 2403
2130 2514
2130 2511
2130 2861
2148 2793
2154 2798
2171 2818
2172 2818
2174 2797
2194 2819
2195 2540
2195 2909
2197 2909
2215 2514
2215 2511
2216 2889
2218 2979
2218 2887
2220 2885
2243 2861
2243 2859
2246 2859
2267 2838
2274 2282
2274 2650
2305 2701
2305 5545
2307 2678
2328 2700
2330 2797
2331 2797
2332 5571
2332 4742
2352 5719
2354 2728
2354 2724
2400 2773
2447 2819
2464 2838
2464 2859
2517 2889
2536 2909
2558 2561
2558 2954
2582 2954
2602 2605
2606 5273
2606 4906
2629 3000
2630 3002
2654 5179
2771 2773
2794 2818
2837 2864
3000 3002
3019 4223
3019 4503
3019 3393
3020 4385
3020 4502
3021 3487
3021 3393
3021 4952
3038 3745
3038 3650
3038 4116
3040 4485
3040 4483
3042 4483
3063 3627
3065 3627
3086 4438
3086 3723
3086 4072
3086 4437
3107 4415
3116 4385
3136 3817
3136 3795
3137 3795
3137 1459
3140 4385
3141 3420
3141 3796
3141 4383
3160 4361
3162 3820
3162 4360
3163 4358
3163 3821
3163 3817
3165 4355
3165 4358
3165 3821
3167 3820
3167 4360
3184 3466
3184 4338
3187 4335
3221 4028
3221 3224
3221 4023
3221 3651
3223 4302
3223 5972
3224 4302
3247 4275
3249 4275
3249 4177
3267 4256
3269 4256
3269 3979
3269 4001
3270 3977
3270 4256
3270 3979
3271 4252
3290 4231
3290 3299
3290 4230
3298 4222
3298 5863
3299 4221
3299 4222
3299 3860
3299 5497
3322 3794
3322 4200
3322 4386
3322 3883
3322 4223
3323 4001
3323 4196
3323 3884
3344 3928
3344 4177
3345 3928
3346 4196
3346 4176
3346 3884
3346 4198
3348 4176
3348 4198
3366 3556
3366 4154
3368 5613
3369 3649
3369 3930
3369 3556
3371 4148
3372 4148
3372 3934
3373 4154
3373 3928
3393 4502
3396 674
3396 677
3415 1459
3417 4386
3420 4383
3421 4358
3421 3796
3421 3795
3421 1486
3442 3928
3444 4359
3444 4360
3468 4335
3487 4222
3487 4952
3487 5863
3532 4177
3533 4175
3533 3909
3533 3928
3557 4154
3557 3928
3579 3697
3579 3976
3579 4252
3580 4417
3581 3697
3581 4417
3581 3976
3600 4252
3601 4001
3623 3627
3623 4275
3624 4275
3649 4302
3651 4275
3652 4279
3653 4026
3653 4304
3653 4027
3654 4026
3654 4304
3654 4027
3674 4417
3675 4415
3696 4437
3718 4461
3719 4096
3719 4460
3719 4095
3719 3723
3719 4458
3720 4460
3720 4461
3720 4458
3739 4482
3739 4484
3739 4461
3742 4485
3746 4485
3761 4413
3768 5684
3768 5683
3768 673
3819 4355
3820 4359
3820 4360
3843 4335
3863 4221
3863 4222
3863 5410
3909 4175
3929 5613
3931 5613
3953 4231
3997 4177
4046 4413
4068 4437
4091 4461
4230 5898
4230 5497
4277 4279
4502 673
4507 5946
4512 5521
4515 5088
4515 5062
4515 5064
4515 5432
4534 5450
4534 5452
4534 5451
4535 5543
4537 4723
4537 5940
4537 5967
4538 5940
4538 5942
4539 5476
4539 5450
4539 5453
4557 5923
4557 5543
4582 5718
4582 5220
4582 5717
4617 5409
4636 5387
4636 5843
4636 5020
4637 5843
4637 5388
4637 5842
4637 4997
4637 5271
4639 5475
4639 5409
4639 5020
4639 5839
4660 4996
4662 5842
4662 4997
4665 4901
4665 5360
4665 5634
4684 5795
4687 5341
4688 5341
4688 3368
4688 3369
4689 5814
4689 5362
4696 5785
4696 5521
4696 5946
4699 5526
4717 5548
4717 5763
4718 5548
4718 5785
4718 5946
4719 5760
4722 5547
4722 5760
4723 5780
4723 5526
4739 5543
4740 5567
4740 5568
4740 5923
4741 5736
4741 5735
4741 5567
4741 5568
4742 5570
4742 5737
4743 5570
4743 5736
4760 5588
4760 5719
4760 5221
4760 5586
4760 5568
4760 5587
4764 5716
4764 5714
4785 5268
4785 5245
4785 2059
4786 4904
4786 5636
4786 5611
4786 5245
4802 5408
4803 5684
4803 5683
4820 5321
4820 5300
4820 1772
4820 1771
4822 5300
4823 5385
4823 5662
4824 5385
4824 5663
4845 5274
4845 5271
4845 5272
4846 5640
4846 5638
4848 4909
4848 5247
4848 4904
4848 5636
4851 1769
4873 5611
4873 5245
4878 5245
4881 5613
4881 5246
4882 1727
4906 1769
4931 5300
4931 5662
4931 5664
4932 5662
4932 5664
4932 1769
4953 5322
4955 5688
4969 5341
4972 5432
4972 5796
4972 3368
4972 3369
4973 5339
4973 5795
4975 5432
4975 5796
4993 5814
4993 5362
4996 5454
4996 5944
4996 5088
5017 5842
5019 5842
5019 5839
5019 5385
5020 5842
5061 5967
5061 5521
5064 5967
5083 5548
5106 5923
5108 5923
5157 5526
5157 5967
5177 5548
5177 5759
5177 5546
5199 5923
5200 5570
5200 5737
5200 5758
5202 5736
5202 5735
5202 5758
5221 5571
5221 5714
5248 1727
5273 5640
5274 5640
5321 5688
5322 5688
5339 5796
5340 5432
5340 5795
5341 5795
5386 5409
5388 5843
5429 5967
5523 5785
5543 5758
5588 5895
5610 5613
5610 5246
5615 1727
5714 5716
5737 5760
5763 5785
