69 818
72 160
72 161
74 80
74 79
82 177
83 177
157 175
157 174
158 270
160 163
161 163
161 912
172 177
174 265
177 179
177 925
179 930
246 260
246 258
251 260
251 261
251 270
252 260
252 261
255 270
255 914
255 1012
255 1014
258 1020
259 273
259 1034
261 273
265 270
265 271
266 271
268 270
268 271
268 1031
271 273
273 364
335 353
338 341
345 348
345 347
345 5744
347 353
348 364
349 5764
350 353
350 5764
350 446
350 5745
357 364
359 5764
359 368
359 367
364 368
364 1125
449 453
449 454
449 466
451 1203
454 543
454 542
462 1218
466 557
467 557
539 555
539 554
540 651
542 545
543 545
543 1300
552 557
554 6053
554 646
557 559
557 1311
559 1316
628 642
628 640
633 642
633 643
633 651
634 642
634 643
637 651
637 1301
637 1399
637 1397
640 1404
641 654
641 1421
643 654
646 651
646 652
647 652
649 651
649 1400
649 652
649 1418
652 654
714 732
717 722
717 720
720 1498
722 732
724 727
724 6134
724 726
726 732
728 6151
729 732
729 6135
729 6151
729 64
737 746
737 6151
741 1510
743 746
743 1510
813 816
817 825
817 833
817 913
823 838
823 1601
825 916
825 1601
827 830
830 838
835 838
835 1601
835 1596
837 840
837 934
840 1601
840 1599
900 912
900 913
900 920
913 936
913 916
916 1684
925 928
929 1014
929 1015
929 1016
929 932
930 932
934 936
934 940
1012 1020
1015 1031
1015 1029
1018 1034
1021 1027
1024 1038
1024 1789
1025 1038
1027 1789
1029 1031
1031 1034
1036 1038
1112 1119
1112 1131
1114 1119
1114 1128
1114 1116
1114 1880
1114 1893
1114 1883
1117 1119
1117 1131
1117 1963
1117 1207
1120 1963
1120 1207
1123 1125
1123 1127
1127 1133
1128 1133
1131 1133
1198 1207
1198 1208
1199 1218
1200 1218
1202 1210
1202 1298
1202 1221
1210 1303
1216 1227
1220 1227
1220 1226
1220 1313
1221 1227
1221 1226
1223 1227
1223 1987
1223 1982
1225 1320
1225 1985
1226 1320
1298 1307
1298 1300
1298 1322
1298 1303
1303 2074
1311 1322
1311 1314
1311 1313
1314 1322
1314 1326
1315 1399
1315 1400
1315 1318
1316 1318
1320 1322
1320 1326
1392 1411
1396 1399
1396 1400
1397 1404
1400 1416
1400 1418
1402 1421
1405 1411
1408 1425
1408 2172
1409 1425
1411 2172
1416 1418
1418 1421
1423 1425
1499 1506
1499 1516
1500 1502
1500 1513
1500 1506
1500 2275
1500 2263
1500 2266
1504 1506
1504 1516
1508 1510
1508 1512
1512 1518
1513 1518
1516 1518
1570 1590
1570 1583
1570 1682
1578 1580
1578 1587
1583 1587
1585 1589
1585 1587
1585 2352
1591 2364
1592 2450
1594 1601
1594 1596
1594 1606
1596 1601
1596 1599
1599 1607
1599 1702
1602 1605
1602 1606
1603 1605
1603 1606
1682 1684
1685 1784
1685 1695
1685 1801
1687 1692
1687 1691
1687 1690
1690 2455
1690 2464
1691 1702
1691 1701
1692 1696
1692 1694
1692 1695
1694 2552
1694 1793
1701 1705
1705 1709
1705 1801
1705 1800
1707 2466
1709 2468
1709 2566
1709 1807
1777 1790
1777 1796
1777 2552
1777 1793
1784 1790
1784 1789
1784 1791
1786 1789
1787 1885
1791 1809
1791 1808
1793 2553
1793 2566
1794 1796
1794 1809
1794 1798
1794 1884
1794 1808
1796 1798
1798 2649
1802 1808
1802 1804
1802 1901
1809 2570
1882 1963
1882 1964
1882 1973
1883 1897
1883 1898
1885 2651
1887 2651
1887 1973
1888 2671
1888 1973
1888 1990
1888 1989
1895 1897
1895 1901
1895 1900
1895 1898
1897 1990
1964 1971
1969 1971
1969 1973
1969 2754
1975 2769
1980 1987
1980 1990
1980 1982
1982 1985
1985 1993
1985 2091
2072 2074
2074 2091
2074 2090
2075 2085
2075 2167
2075 2186
2077 2082
2077 2081
2077 2080
2080 2855
2080 2862
2081 2091
2081 2090
2082 2086
2082 2085
2082 2084
2084 2176
2084 2949
2092 2094
2094 2186
2094 2098
2094 2185
2096 2108
2096 2864
2098 2866
2098 2963
2098 2192
2167 2173
2167 2174
2167 2172
2169 2172
2170 2268
2174 2194
2174 2193
2176 2950
2176 2963
2177 2194
2177 2179
2177 2267
2177 2181
2177 2193
2179 2181
2181 3047
2187 2193
2187 2283
2194 2967
2265 2271
2265 2272
2265 1589
2266 2280
2267 2282
2267 2283
2268 3049
2271 3049
2272 3066
2272 1605
2277 2282
2277 2280
2277 2283
2278 2280
2284 3066
2284 1605
2353 2364
2354 2360
2355 2457
2355 2450
2356 2364
2356 2450
2360 2457
2369 3167
2369 3168
2369 2375
2440 2453
2440 2552
2447 2453
2447 2552
2447 2559
2450 2455
2450 2464
2453 2456
2453 2455
2453 2477
2456 2460
2457 2460
2458 2460
2458 3154
2458 3255
2464 2466
2553 2570
2554 2649
2555 2649
2555 2668
2557 2559
2557 2560
2557 2562
2557 2574
2560 3338
2561 2655
2561 3338
2563 2655
2563 2668
2567 2570
2567 2668
2572 2574
2575 2655
2575 2674
2575 3444
2649 2651
2649 2652
2652 2661
2654 2661
2654 2677
2654 3432
2655 3432
2658 2661
2658 2662
2662 3535
2669 2674
2678 2773
2678 2774
2755 2769
2756 2762
2757 2850
2757 2857
2758 2850
2758 2769
2762 2857
2774 2780
2774 3552
2774 3550
2778 3538
2778 3642
2850 2855
2850 2862
2856 2860
2857 2860
2858 2860
2858 3538
2858 3642
2862 2864
2945 3054
2950 2967
2951 3047
2952 3047
2952 3064
2954 2956
2954 2957
2954 2959
2954 2971
2957 3726
2958 3053
2958 3726
2960 3053
2960 3064
2964 2967
2964 3064
2969 2971
2972 3053
2972 3069
2972 3828
3047 3049
3047 3050
3050 3059
3052 3059
3052 3816
3053 3816
3054 3820
3054 3816
3054 3819
3056 3059
3056 3806
3056 3060
3060 3151
3062 3064
3062 3065
3065 3069
3156 3912
3159 3248
3159 3249
3166 3172
3166 3171
3166 3839
3174 3262
3175 3262
3246 3355
3246 3341
3249 3251
3249 4006
3249 3262
3251 3265
3257 3262
3258 3350
3262 3265
3262 4018
3336 3346
3336 3345
3336 3355
3336 3341
3338 3346
3338 3345
3341 4008
3341 4104
3341 4106
3343 4112
3344 3358
3344 4128
3346 3358
3350 3355
3350 3356
3351 3356
3351 3445
3351 3444
3353 3355
3353 3356
3356 3358
3358 3451
3358 4128
3424 3429
3424 3427
3427 4207
3427 3523
3432 3436
3432 3435
3433 3436
3433 3435
3436 3451
3437 3535
3438 3535
3445 3451
3446 3455
3446 3454
3451 3455
3451 4220
3523 3540
3539 3543
3540 4298
3543 3636
3543 3637
3553 3557
3554 4313
3558 3649
3559 3649
3634 3729
3636 3639
3637 3639
3637 4393
3637 3649
3644 3649
3645 3737
3649 3652
3649 4403
3724 3733
3724 3729
3724 3742
3724 3734
3726 3733
3726 3734
3729 3742
3729 4490
3729 4492
3729 4394
3731 4497
3732 3745
3732 4513
3734 3745
3737 3742
3737 3743
3740 3742
3740 3743
3740 4510
3743 3745
3809 3814
3816 3820
3816 3819
3817 3820
3817 3819
3821 3151
3822 3151
3830 3839
3834 4605
3836 4605
3836 3839
3911 3919
3911 4007
3911 3929
3917 3934
3919 4010
3923 3926
3926 3934
3928 3934
3928 3933
3929 4029
3929 3934
3929 3933
3931 3934
3931 4694
3931 4689
3933 3936
3933 4027
3936 4692
3993 4006
3993 4007
3993 4014
4007 4010
4007 4029
4010 4779
4018 4021
4021 4029
4021 4033
4022 4106
4022 4108
4022 4107
4022 4025
4023 4025
4027 4029
4027 4033
4104 4112
4107 4123
4107 4125
4110 4128
4113 4119
4116 4132
4116 4873
4117 4132
4119 4873
4123 4132
4125 4128
4130 4132
4206 4213
4206 4226
4208 4213
4208 4210
4208 4223
4208 4226
4208 4967
4208 4981
4208 4970
4211 4213
4211 4226
4211 5053
4211 4293
4211 4302
4214 5053
4214 4293
4214 4302
4218 4220
4218 4222
4222 4228
4223 4228
4226 4228
4293 4303
4293 4302
4294 4313
4295 4313
4297 4305
4297 4391
4297 4316
4304 4322
4304 5075
4305 4396
4305 5075
4311 4322
4315 4322
4315 4321
4316 4322
4316 4321
4316 4414
4316 4412
4318 4322
4318 5075
4318 5070
4320 4412
4320 5075
4320 5073
4321 4412
4380 4393
4380 4400
4391 4396
4391 4393
4391 4400
4391 4414
4396 5157
4396 5159
4403 4406
4406 4418
4406 4414
4407 4492
4407 4493
4407 4410
4408 4410
4412 4418
4412 4414
4485 4504
4489 4492
4489 4493
4490 4497
4493 4508
4493 4510
4495 4513
4498 4504
4501 4517
4501 5259
4502 4517
4504 5259
4508 4517
4508 4510
4510 4513
4515 4517
4591 3910
4592 4599
4592 4611
4592 3910
4593 4595
4593 4599
4593 4608
4593 5350
4593 5363
4593 5353
4597 4599
4597 4611
4603 4605
4603 4607
4607 4613
4608 4613
4611 4613
4665 4676
4665 4683
4665 4777
4671 4673
4671 4680
4676 4680
4678 4680
4678 5439
4678 4682
4684 5453
4685 5534
4687 4694
4687 4689
4687 4699
4689 4692
4692 4700
4692 4794
4695 4698
4695 4699
4696 4698
4696 4699
4777 4779
4779 4794
4779 4793
4780 4790
4780 4868
4780 4886
4782 4787
4782 4786
4782 4785
4785 5539
4785 5546
4786 4794
4786 4793
4787 4791
4787 4789
4787 4790
4789 4877
4789 5635
4793 4797
4795 4797
4797 4886
4797 4801
4797 4885
4799 5548
4801 5550
4801 5650
4801 4892
4864 4877
4864 4874
4864 4880
4864 5635
4868 4874
4868 4875
4868 4873
4870 4873
4871 4972
4875 4894
4875 4893
4877 5636
4877 5650
4878 4894
4878 4882
4878 4972
4878 4893
4880 4882
4882 5736
4887 4893
4887 4889
4887 4989
4894 5654
4959 5053
4959 5054
4969 5053
4969 5054
4969 5063
4969 5078
4970 4986
4971 4983
4971 4988
4971 4989
4972 5738
4972 4974
4974 5738
4974 5063
4975 5757
4975 5063
4975 5077
4983 4986
4983 4988
4983 4989
4984 4986
4986 5078
4990 5757
4990 5077
5044 5056
5044 5064
5044 5157
5054 5061
5056 5061
5065 5850
5066 5930
5068 5075
5068 5070
5068 5078
5070 5075
5070 5073
5073 5081
5073 5177
5157 5159
5159 5177
5159 5176
5160 5170
5160 5254
5160 5271
5165 5935
5165 5943
5166 5177
5166 5176
5167 5171
5167 5170
5167 5169
5169 5263
5169 6029
5176 5180
5178 5180
5180 5271
5180 5184
5180 5270
5182 5193
5182 5945
5184 5947
5184 5277
5184 6045
5247 5260
5247 5266
5247 5263
5247 6029
5254 5260
5254 5261
5254 5259
5256 5259
5257 5355
5261 5279
5261 5278
5263 6030
5263 6045
5264 5266
5264 5279
5264 5268
5264 5354
5264 5278
5266 5268
5268 6126
5272 5278
5272 5274
5272 5371
5279 6049
5352 5358
5352 5359
5352 4682
5354 5371
5354 5370
5355 6128
5358 6128
5359 6144
5359 4698
5365 5371
5365 5370
5372 6144
5372 4698
5440 5453
5441 5447
5442 5534
5442 5544
5443 5534
5443 5453
5447 5544
5452 5552
5455 5459
5455 5458
5460 5464
5461 5464
5462 5464
5534 5539
5534 5546
5537 5539
5537 5556
5537 5543
5540 5543
5540 5544
5540 5542
5546 5548
5546 5552
5548 5552
5554 5657
5555 5657
5556 5657
5631 5637
5631 5647
5631 5640
5631 5744
5636 5654
5637 5736
5638 5736
5638 5754
5640 5647
5640 5643
5644 5743
5644 5661
5644 5754
5646 5743
5646 5661
5651 5654
5651 5754
5655 5657
5655 5661
5655 5663
5661 5759
5661 266
5661 356
5736 5738
5736 5739
5742 5749
5746 5749
5746 335
5760 5764
5762 5856
5762 5764
5837 5850
5838 5844
5839 5930
5839 5940
5840 5930
5840 5850
5844 5940
5852 5856
5857 5861
5858 5861
5859 5861
5928 5933
5928 6029
5928 6037
5930 5935
5930 5943
5933 5935
5933 5939
5933 5953
5936 5939
5936 5940
5936 5938
5943 5945
5951 6052
5952 6052
5953 6052
6026 6031
6026 6041
6026 6040
6026 6134
6030 6049
6031 6126
6032 6126
6032 6142
6034 6041
6034 6037
6035 6041
6035 6037
6035 6052
6038 6133
6038 6056
6038 6142
6040 6133
6040 6056
6046 6049
6046 6142
6050 6052
6050 6056
6050 6058
6050 6053
6056 6146
6056 734
6126 6128
6126 6129
6129 6139
6132 6139
6136 6139
6136 714
6136 6135
6140 6142
6140 6143
6149 6151
