22 3102
22 3119
24 3465
24 3470
24 259
27 3464
28 3464
31 2576
31 2783
31 5811
46 252
46 250
46 456
46 96
46 412
47 2816
47 2631
47 49
49 100
49 98
50 896
50 233
50 258
51 896
51 233
51 100
51 98
52 456
52 389
52 579
52 412
52 441
53 5673
53 5819
53 5674
53 5657
70 165
70 290
70 191
73 820
73 462
73 961
77 456
77 441
95 165
95 209
95 290
95 2679
95 191
97 322
97 341
102 309
103 309
103 601
125 486
125 2659
140 2836
153 719
153 1266
159 3151
161 159
184 2755
184 2725
184 2903
185 5310
191 309
191 486
191 2659
201 2907
201 5357
201 5513
201 3136
202 487
202 326
202 3586
203 3168
203 3173
203 3812
204 3140
204 719
204 549
204 3664
205 2907
209 2679
220 2779
220 22
224 3635
224 3465
224 3470
228 456
228 412
228 410
228 599
228 2813
235 3118
235 670
235 3288
250 2816
253 2635
253 748
253 669
259 783
259 3640
305 940
306 2513
306 2494
306 3672
309 2836
315 461
315 601
315 652
327 1024
327 921
341 644
341 2867
343 2673
343 2869
343 2736
371 3151
372 3586
390 783
390 3640
390 967
390 946
394 3465
394 3626
394 3467
413 778
413 967
413 940
416 783
416 605
439 645
439 623
439 2813
440 461
440 652
441 601
441 648
455 2865
455 2673
455 2871
455 209
461 820
467 2867
467 673
467 722
467 961
508 673
508 684
508 652
508 650
547 921
547 3670
548 3151
550 673
550 684
550 1024
550 921
551 5600
551 3310
551 710
554 3173
554 3305
554 3174
568 778
568 669
571 3470
572 1140
572 1134
572 1169
572 1132
576 3829
576 4006
576 942
578 669
579 783
579 605
600 981
600 1140
600 1118
603 778
603 981
605 778
622 799
623 820
630 820
630 774
630 649
644 2867
645 820
649 1009
649 1053
650 850
670 3470
672 862
672 1032
683 719
683 1266
684 1053
684 1052
685 862
685 1032
685 1053
685 1052
689 895
710 921
722 1032
723 1090
724 3699
747 1005
747 982
747 799
751 3972
751 4216
751 3834
751 1113
751 967
754 3972
754 3834
756 5616
756 5410
781 992
800 1005
800 1009
800 992
800 1055
800 988
802 961
802 1009
802 844
802 1053
862 1072
888 921
890 1642
893 3670
897 3670
897 3883
897 3862
913 1297
913 3858
918 3670
923 3905
923 4034
923 3861
923 3880
936 4158
936 4559
939 4350
939 1113
939 1140
939 1118
941 1174
941 1340
942 1113
942 967
944 4350
944 1113
944 1489
944 4353
948 1118
948 1489
948 1325
964 992
983 4369
983 4180
983 4370
988 1174
988 1373
989 1325
1012 1174
1012 1340
1031 1242
1031 1433
1031 5130
1031 3852
1031 1277
1037 1433
1037 1277
1072 1242
1072 1245
1072 1278
1085 1411
1085 1278
1085 1801
1090 3858
1093 3852
1093 1643
1114 1141
1114 1708
1114 1358
1115 4353
1115 4373
1115 4370
1133 1356
1138 1354
1138 1356
1138 1391
1138 1505
1139 4370
1141 1505
1141 1507
1170 1174
1170 1373
1173 1505
1173 1623
1173 1528
1173 1598
1173 1558
1177 2206
1191 1505
1191 1507
1193 1588
1193 1584
1193 1590
1201 1625
1201 1944
1201 1590
1221 1667
1221 1944
1221 1780
1221 1807
1223 1598
1223 1558
1224 1588
1224 1584
1226 4923
1226 5081
1226 4877
1226 4925
1229 1625
1229 1590
1243 1591
1264 4402
1267 1663
1276 1445
1276 1299
1276 4427
1283 4427
1283 4405
1299 1663
1299 1659
1299 1449
1300 4427
1300 4405
1355 2057
1355 1868
1355 2103
1355 2081
1358 1505
1372 1623
1372 1528
1378 1590
1391 1588
1391 1591
1391 1623
1407 1591
1409 2102
1409 2131
1409 2180
1412 1625
1412 1647
1413 1667
1434 4029
1437 4427
1437 4405
1448 1619
1448 4402
1448 1617
1480 4560
1480 4577
1482 4923
1482 4928
1482 1717
1485 4922
1486 4922
1486 4180
1504 1708
1504 1710
1504 1914
1504 1554
1504 1870
1507 1556
1507 1558
1508 1691
1508 1716
1508 2354
1509 1691
1509 2354
1509 1556
1509 1558
1510 1914
1510 1847
1510 2037
1510 1870
1510 1899
1511 4215
1511 4361
1511 4199
1511 4216
1528 1623
1528 1748
1528 1649
1531 2278
1531 1920
1531 2419
1535 1914
1535 1899
1553 1623
1553 1667
1553 1748
1553 1649
1555 1780
1555 1799
1560 1767
1561 1767
1561 2059
1583 1944
1611 2177
1611 2724
1617 4609
1619 1647
1625 1647
1649 1767
1649 1944
1660 1945
1660 1784
1660 5044
1661 4626
1661 4631
1661 5270
1662 4598
1662 2177
1662 2007
1662 5122
1682 4923
1682 5093
1682 4928
1686 1914
1686 1870
1686 2057
1686 1868
1693 4576
1693 2128
1693 4746
1711 2206
1711 2127
1717 5098
1717 2241
1763 2398
1773 1919
1773 2059
1773 2110
1785 2482
1785 2379
1799 2102
1829 4609
1830 5044
1848 5098
1848 2241
1848 2425
1848 2404
1852 4923
1852 5084
1852 4925
1871 2236
1871 2425
1871 2398
1874 2063
1874 2241
1897 2103
1897 2081
1898 1919
1898 2110
1899 2059
1899 2106
1919 2278
1925 2131
1925 2419
1925 2180
1966 2131
1966 2142
1966 2110
1966 2108
2005 2379
2005 5128
2006 4609
2008 2131
2008 2142
2008 2482
2008 2379
2009 4142
2009 2168
2009 4768
2012 4631
2012 4763
2012 4632
2026 2236
2026 2127
2029 4928
2030 2598
2030 2592
2030 2627
2030 2590
2034 5287
2034 5464
2034 2400
2036 2127
2037 2063
2037 2241
2058 2439
2058 2598
2058 2576
2061 2236
2061 2439
2063 2236
2080 2257
2081 2278
2088 2278
2088 2232
2088 2107
2103 2278
2107 2467
2107 2511
2108 2308
2128 4928
2130 2320
2130 2490
2141 2177
2141 2724
2142 2511
2142 2510
2143 2320
2143 2490
2143 2511
2143 2510
2147 2353
2168 2379
2180 2490
2181 2548
2182 5157
2205 2463
2205 2440
2205 2257
2209 5430
2209 5674
2209 5292
2209 2571
2209 2425
2212 5430
2212 5292
2214 4158
2214 4680
2214 3952
2239 2450
2258 2463
2258 2467
2258 2513
2258 2450
2258 2446
2260 2419
2260 2467
2260 2302
2260 2511
2320 2530
2346 2379
2351 5128
2355 5128
2355 5341
2355 5320
2371 2755
2371 5316
2376 5128
2381 5492
2381 5363
2381 5319
2381 5338
2394 5616
2397 5808
2397 2571
2397 2598
2397 2576
2399 2632
2399 2798
2400 2571
2400 2425
2402 5808
2402 2571
2402 5811
2406 2576
2406 2783
2422 2450
2441 5827
2441 5638
2441 5828
2446 2632
2446 2831
2447 2783
2470 2632
2470 2798
2489 2700
2489 2891
2489 3672
2489 5310
2489 2735
2495 2891
2495 2735
2530 2700
2530 2703
2530 2736
2543 2869
2543 2736
2548 5316
2551 5310
2572 2599
2572 2816
2573 5811
2573 5831
2573 5828
2591 2814
2596 2812
2596 2814
2596 2849
2596 2816
2596 2631
2597 5828
2599 49
2628 2632
2628 2831
2649 49
2651 2836
2651 132
2684 3465
2684 3623
2684 3419
2684 3467
2722 2944
2734 2757
2734 2903
2734 2969
2757 2907
2892 5487
2906 159
2906 2944
2947 5492
2947 5699
2962 3166
2962 3168
2962 3372
2962 3012
2962 3328
2963 5732
2963 5547
2963 2965
2965 3014
2965 3016
2966 3149
2966 3174
2966 3812
2967 3149
2967 3812
2967 3014
2967 3016
2968 3372
2968 3305
2968 3495
2968 3328
2968 3357
2986 3081
2986 3206
2986 3107
2989 3736
2989 3378
2989 3877
2993 3372
2993 3357
3011 3081
3011 3125
3011 3206
3011 5595
3011 3107
3013 3238
3013 3257
3018 3225
3019 3225
3019 3517
3041 3402
3041 5575
3056 5752
3069 3635
3069 4182
3077 3075
3100 5671
3100 5641
3100 5819
3107 3225
3107 3402
3107 5575
3117 5823
3118 3403
3118 3242
3120 3635
3120 3465
3120 748
3121 5823
3125 5595
3136 5695
3136 2938
3144 3372
3144 3328
3144 3515
3144 3326
3144 5729
3151 3586
3166 5732
3169 3664
3169 5551
3169 3585
3175 3699
3221 3856
3222 5429
3222 5410
3225 5752
3231 3377
3231 3517
3231 3568
3243 3940
3243 3837
3257 3560
3257 5783
3259 5589
3259 5652
3259 5785
3306 3699
3306 3883
3306 3862
3329 3694
3329 3883
3329 3856
3332 3699
3332 3521
3355 5729
3355 3561
3355 3539
3356 3377
3356 3568
3357 3517
3357 3564
3371 5589
3371 5781
3371 5787
3371 3125
3377 3736
3383 5783
3383 3589
3383 3638
3383 3877
3424 3589
3424 3600
3424 3568
3424 3566
3463 3837
3466 3589
3466 3600
3466 3940
3466 3837
3467 3626
3484 3694
3484 3585
3488 4056
3488 4050
3488 4085
3488 4048
3492 3858
3494 3585
3495 3699
3495 3521
3516 3897
3516 4056
3516 4034
3519 3694
3519 3897
3521 3694
3538 3715
3539 3736
3546 3736
3546 3690
3546 3565
3560 5783
3561 3736
3565 3925
3565 3969
3566 3766
3588 3778
3588 3948
3599 3635
3599 4182
3600 3969
3600 3968
3601 3778
3601 3948
3601 3969
3601 3968
3605 3811
3626 3837
3638 3948
3639 4006
3663 3921
3663 3898
3663 3715
3697 3908
3716 3921
3716 3925
3716 3908
3716 3971
3716 3904
3718 3877
3718 3925
3718 3760
3718 3969
3778 3988
3804 3837
3806 4558
3829 4213
3855 4029
3855 4056
3855 4034
3857 4090
3857 4256
3860 4427
3860 4029
3860 4405
3864 4034
3864 4241
3864 4405
3880 3908
3904 4090
3904 4289
3905 4241
3928 4090
3928 4256
3947 4158
3947 4349
3947 4193
3953 4349
3953 4193
3988 4158
3988 4194
3988 4161
4001 4194
4001 4327
4001 4717
4009 4559
4030 4057
4030 4624
4030 4274
4049 4272
4054 4272
4054 4270
4054 4307
4054 4421
4057 4421
4057 4423
4086 4090
4086 4289
4089 4421
4089 4539
4089 4444
4089 4514
4089 4474
4093 4945
4093 5122
4107 4421
4107 4423
4109 4504
4109 4500
4109 4506
4117 4541
4117 4860
4117 4506
4137 4583
4137 4696
4137 4860
4137 4723
4139 4514
4139 4474
4140 4504
4140 4500
4145 4541
4145 4506
4159 4507
4183 4579
4192 4215
4192 4361
4215 4365
4215 4579
4215 4575
4271 4973
4271 4784
4271 4997
4271 5019
4274 4421
4288 4539
4288 4444
4294 4506
4307 4504
4307 4507
4307 4539
4323 4507
4325 5018
4325 5047
4325 5096
4328 4541
4328 4563
4329 4583
4364 4535
4364 4533
4364 4180
4369 4180
4420 4624
4420 4626
4420 4470
4420 4830
4420 4786
4423 4472
4423 4474
4424 4607
4424 4632
4424 5270
4425 4607
4425 5270
4425 4472
4425 4474
4426 4830
4426 4763
4426 4953
4426 4786
4426 4815
4444 4539
4444 4664
4444 4565
4447 5194
4447 4836
4447 5335
4451 4830
4451 4815
4469 4539
4469 4583
4469 4664
4469 4565
4471 4696
4471 4715
4476 4683
4477 4683
4477 4975
4499 4860
4527 5640
4527 5093
4535 4563
4541 4563
4565 4683
4565 4860
4576 4861
4576 4700
4578 4923
4578 5093
4578 2206
4602 4830
4602 4786
4602 4973
4602 4784
4609 5044
4627 5122
4627 5043
4633 5157
4679 5314
4689 4835
4689 4975
4689 5026
4701 5398
4701 5295
4715 5018
4764 5157
4764 5341
4764 5320
4787 5152
4787 5314
4787 5341
4790 4979
4790 5157
4813 4997
4813 5019
4814 4835
4814 5026
4815 4975
4815 5022
4835 5194
4841 5047
4841 5096
4841 5335
4882 5047
4882 5058
4882 5026
4882 5024
4921 5295
4924 5047
4924 5058
4924 5398
4924 5295
4925 5084
4942 5152
4942 5043
4946 5514
4946 5508
4946 5506
4946 5543
4950 5316
4952 5043
4953 4979
4953 5157
4974 5355
4974 5514
4974 5492
4977 5152
4977 5355
4979 5152
4996 5173
4997 5194
5004 5194
5004 5148
5004 5023
5019 5194
5023 5383
5023 5427
5024 5224
5046 5236
5046 5406
5057 5640
5057 5093
5058 5427
5058 5426
5059 5236
5059 5406
5059 5427
5059 5426
5063 5269
5084 5295
5096 5406
5097 5464
5121 5379
5121 5356
5121 5173
5155 5366
5174 5379
5174 5383
5174 5429
5174 5366
5174 5362
5176 5335
5176 5383
5176 5218
5176 5427
5236 5446
5262 5295
5287 5671
5313 5487
5313 5514
5313 5492
5315 5548
5315 5714
5318 5487
5322 5492
5322 5699
5338 5366
5362 5548
5362 5747
5363 5699
5386 5548
5386 5714
5405 5616
5405 5807
5405 5651
5411 5807
5411 5651
5446 5616
5446 5652
5446 5619
5459 5652
5459 5785
5488 5515
5488 5732
5507 5730
5512 5730
5512 5728
5512 5765
5512 5732
5512 5547
5515 2965
5544 5548
5544 5747
5565 2965
5567 5752
5567 3048
5650 5673
5650 5819
5673 5823
5822 3075
