                                                              FField value QM/Lit value  Weight      Error    Total error
SiH4_opt             Valence angle:   2   1   3                 109.3643    109.5000      2.0000      0.0046      0.0046
Si2H6_opt            Bond distance:   1   2                       2.3271      2.3500      0.0200      1.3064      1.3110
 Valence angle:   1   2   3                                     108.3903    110.0000      2.0000      0.6478      1.9588
Si2H4_opt            Bond distance:   1   2                       2.3042      2.1800      0.1000      1.5432      3.5020
H3SiOSiH3_opt        Bond distance:   1   2                       1.5621      1.6500      0.0200     19.2988     22.8008
 Valence angle:   1   2   3                                     150.5847    150.0000      3.0000      0.0380     22.8388
SiOH4_opt            Charge atom:   1                            -0.6751     -0.5970      0.1000      0.6093     23.4481
 Charge atom:   2                                                 1.1944      1.0680      0.0200     39.9473     63.3954
 Charge atom:   7                                                 0.3769      0.3360      0.1000      0.1675     63.5630
 Bond distance:   1   2                                           1.5689      1.6500      0.0200     16.4563     80.0193
SiO2_opt             Bond distance:   1   2                       1.3871      1.5200      0.0200     44.1424    124.1617
H2SiO_opt            Bond distance:   1   2                       1.3775      1.5300      0.0200     58.1476    182.3093
H2SiOH2_opt          Bond distance:   1   2                       1.5627      1.6600      0.0200     23.6586    205.9678
 Valence angle:   1   2   3                                     116.2764    114.6200      2.0000      0.6859    206.6537
H3SiSiH2SiH3_opt     Bond distance:   1   4                       1.3944      1.4800      0.0050    293.3186    499.9723
H3SiSiH2OH_opt       Valence angle:   1   2   3                  95.2646    107.3800      2.0000     36.6959    536.6682
4ring                Bond distance:   1   2                       2.4900      2.4040      0.0500      2.9591    539.6273
Bridge               Valence angle:   1   2   4                 134.0674    131.4200      0.0900    864.6192   4920.2465
pyramid              Bond distance:   2   7                       3.9720      2.6200      1.0000      1.8278   4922.0744
 Bond distance:   1   7                                           2.2849      2.3800      1.0000      0.0091   4922.0834
si29_ideal           RMSG force:                                  0.0539      0.0100     40.0000      0.0000   4922.0834
si29_qmd_1           RMSG force:                                  0.1655      0.0100     40.0000      0.0000   4922.0834
si29_qmd_3           RMSG force:                                  0.1109      0.0100     40.0000      0.0000   4922.0834
Si_SiH3_1_OH_3_opt   Charge atom:   2                             0.8787      0.9388      0.0200      9.0222   4931.1056
Si_SiH3_2_OH_2_opt   Charge atom:   2                             0.5698      0.7759      0.0200    106.1532   5037.2589
Si_SiH3_3_OH_1_opt   Charge atom:   1                             0.2637      0.3666      0.0200     26.4628   5063.7217
Si_SiH3_4_opt        Charge atom:   1                             0.0496     -0.2392      0.0200    208.4934   5272.2151
a_Si_opt             a:                                           5.3705      5.2850      0.0200     18.2927   5290.5078
cris_opt             a:                                          10.1098      9.9500      0.0500     10.2093   5300.7171
 b:                                                              10.1098      9.9500      0.0500     10.2093   5310.9264
 c:                                                               7.0397      6.9300      0.0500      4.8163   5315.7427
coes_opt             a:                                           7.2242      7.1100      0.0500      5.2148   5320.9575
 b:                                                               7.2242      7.1100      0.0500      5.2148   5326.1724
 c:                                                               7.2659      7.1500      0.0500      5.3768   5331.5492
quartz               a:                                           4.9988      4.9130      0.0500      2.9440   5334.4932
 b:                                                               4.9988      4.9130      0.0500      2.9440   5337.4371
 c:                                                               5.4998      5.4052      0.0500      3.5804   5341.0175
stish                a:                                           4.6551      4.1772      0.0500     91.3362   5432.3538
 b:                                                               4.6551      4.1772      0.0500     91.3362   5523.6900
 c:                                                               2.9699      2.6651      0.0500     37.1612   5560.8513

Energy +Si2H6_opt/1.00-Si2H6_b1_65/1.00                         -60.7990   -162.3000     10.0000    103.0244   5663.8757
Energy +Si2H6_opt/1.00-Si2H6_b1_89/1.00                         -21.2329    -47.6000     10.0000      6.9522   5670.8279
Energy +Si2H6_opt/1.00-Si2H6_b2_11/1.00                          -4.0132     -9.6000      5.0000      1.2485   5672.0764
Energy +Si2H6_opt/1.00-Si2H6_b2_35/1.00                          -0.3855     -0.0100      5.0000      0.0056   5672.0821
Energy +Si2H6_opt/1.00-Si2H6_b2_59/1.00                          -8.9750     -5.3000      2.0000      3.3763   5675.4584
Energy +Si2H6_opt/1.00-Si2H6_b2_83/1.00                         -25.9714    -16.7000      1.0000     85.9592   5761.4176
Energy +Si2H6_opt/1.00-Si2H6_b3_06/1.00                         -41.4460    -28.5000      1.0000    167.5989   5929.0164
Energy +Si2H6_opt/1.00-Si2H6_b3_29/1.00                         -46.5854    -40.3000      1.7000     13.6698   5942.6862
Energy +Si2H6_opt/1.00-Si2H6_b3_53/1.00                         -47.0426    -51.3000      2.0000      4.5314   5947.2176
Energy +Si2H6_opt/1.00-Si2H6_b3_76/1.00                         -47.1117    -60.8000      2.5000     29.9791   5977.1967
Energy +Si2H6_opt/1.00-Si2H6_b4_00/1.00                         -47.1290    -74.9000      1.5000    342.7694   6319.9661
Energy +Si2H4_opt/1.00-Si2H4_b1_52/1.00                        -111.2703   -212.0000     30.0000     11.2739   6331.2399
Energy +Si2H4_opt/1.00-Si2H4_b1_74/1.00                         -54.5088    -67.0000      7.0000      3.1843   6334.4242
Energy +Si2H4_opt/1.00-Si2H4_b1_95/1.00                         -25.8786    -13.5000      2.7000     21.0191   6355.4433
Energy +Si2H4_opt/1.00-Si2H4_b2_18/1.00                          -1.3471     -7.6000      3.7000      2.8560   6358.2993
Energy +Si2H4_opt/1.00-Si2H4_b2_40/1.00                          -1.8077    -21.3000      3.7000     27.7539   6386.0532
Energy +Si2H4_opt/1.00-Si2H4_b2_62/1.00                         -29.9726    -34.5000      4.0000      1.2811   6387.3342
Energy +Si2H4_opt/1.00-Si2H4_b2_80/1.00                         -40.5165    -49.6000      8.0000      1.2892   6388.6234
Energy +Si2H4_opt/1.00-Si2H4_b3_00/1.00                         -46.8325    -60.2000      8.0000      2.7920   6391.4155
Energy +Si2H4_opt/1.00-Si2H4_b3_26/1.00                         -50.2994    -66.9000      8.0000      4.3059   6395.7214
Energy +Si2H4_opt/1.00-Si2H4_b3_48/1.00                         -50.8217    -70.9000      8.0000      6.2990   6402.0204
Energy +Si2H4_opt/1.00-Si2H4_b3_91/1.00                         -50.6480    -72.9000      8.0000      7.7367   6409.7572
Energy +H3SiOSiH3_opt/1.00-SiOSi_b1_31/1.00                     -87.9710    -81.9000      1.0000     36.8572   6446.6143
Energy +H3SiOSiH3_opt/1.00-SiOSi_b1_49/1.00                      -1.9350    -13.9000      3.0000     15.9069   6462.5212
Energy +H3SiOSiH3_opt/1.00-SiOSi_b1_64/1.00                      -2.1694     -0.0100      3.0000      0.5181   6463.0394
Energy +H3SiOSiH3_opt/1.00-SiOSi_b1_81/1.00                     -13.5411     -7.5000      9.0000      0.4506   6463.4899
Energy +H3SiOSiH3_opt/1.00-SiOSi_b1_98/1.00                     -27.2887    -24.0000      4.5000      0.5341   6464.0240
Energy +H3SiOSiH3_opt/1.00-SiOSi_b2_14/1.00                     -46.6624    -42.0000      4.5000      1.0735   6465.0975
Energy +H3SiOSiH3_opt/1.00-SiOSi_b2_30/1.00                     -72.8124    -59.9000      3.7000     12.1790   6477.2765
Energy +H3SiOSiH3_opt/1.00-SiOSi_b2_48/1.00                     -99.1568    -77.7000      3.7000     33.6298   6510.9063
Energy +H3SiOSiH3_opt/1.00-SiOSi_b2_64/1.00                    -109.7723    -90.9000     10.0000      3.5616   6514.4680
Energy +H3SiOSiH3_opt/1.00-SiOSi_b2_80/1.00                    -111.4984   -102.6000     20.0000      0.1980   6514.6659
Energy +H3SiOSiH3_opt/1.00-SiOSi_b3_00/1.00                    -110.3731   -102.6000     20.0000      0.1511   6514.8170
Energy +H3SiOSiH3_opt/1.00-SiOSi_b3_10/1.00                    -109.9120   -112.0000     15.0000      0.0194   6514.8363
Energy +H3SiOSiH3_opt/1.00-SiOSi_b11_80/1.00                   -109.2400   -118.4000      0.9500     92.9695   6607.8059
Energy +SiOH4_opt/1.00-SiOH4_b1_32/1.00                         -75.2517    -78.0000      0.8000     11.8014   6619.6073
Energy +SiOH4_opt/1.00-SiOH4_b1_49/1.00                          -3.0586    -13.4000      7.0000      2.1826   6621.7898
Energy +SiOH4_opt/1.00-SiOH4_b1_65/1.00                          -2.4515     -7.3000      7.0000      0.4798   6622.2696
Energy +SiOH4_opt/1.00-SiOH4_b1_81/1.00                         -12.4036    -23.8000      7.0000      2.6506   6624.9202
Energy +SiOH4_opt/1.00-SiOH4_b1_97/1.00                         -24.8249    -43.1000      7.0000      6.8159   6631.7360
Energy +SiOH4_opt/1.00-SiOH4_b2_14/1.00                         -45.4595    -61.2000      7.0000      5.0564   6636.7924
Energy +SiOH4_opt/1.00-SiOH4_b2_30/1.00                         -69.9449    -77.7000      7.0000      1.2274   6638.0198
Energy +SiOH4_opt/1.00-SiOH4_b2_47/1.00                         -96.6027    -92.7000      4.0000      0.9519   6638.9717
Energy +SiOH4_opt/1.00-SiOH4_b2_63/1.00                        -105.4316   -105.3000      4.0000      0.0011   6638.9728
Energy +SiOH4_opt/1.00-SiOH4_b2_80/1.00                        -107.4677   -116.5000      4.0000      5.0989   6644.0717
Energy +SiOH4_opt/1.00-SiOH4_b2_96/1.00                        -106.8756   -125.9000      4.0000     22.6206   6666.6923
Energy +SiOH4_opt/1.00-SiOH4_b13_55/1.00                       -113.3907   -134.2000      4.0000     27.0643   6693.7565
Energy +SiH4_opt/1.00-SiH4_b1_19/1.00                            -9.0987    -30.9000      4.0000     29.7060   6723.4626
Energy +SiH4_opt/1.00-SiH4_b1_34/1.00                            -0.1068     -5.7000      2.0000      7.8209   6731.2835
Energy +SiH4_opt/1.00-SiH4_b1_47/1.00                            -0.5428     -0.0100      2.0000      0.0710   6731.3545
Energy +SiH4_opt/1.00-SiH4_b1_63/1.00                            -4.8507     -3.8000      4.0000      0.0690   6731.4235
Energy +SiH4_opt/1.00-SiH4_b1_78/1.00                           -18.2749    -12.6000      5.0000      1.2882   6732.7116
Energy +SiH4_opt/1.00-SiH4_b1_93/1.00                           -39.5946    -23.4000      5.0000     10.4906   6743.2022
Energy +SiH4_opt/1.00-SiH4_b2_20/1.00                           -72.9758    -45.5000      5.0000     30.1968   6773.3990
Energy +SiH4_opt/1.00-SiH4_b2_38/1.00                           -78.4400    -56.8000      5.0000     18.7316   6792.1306
Energy +SiH4_opt/1.00-SiH4_b2_52/1.00                           -78.7572    -66.7000      5.0000      5.8150   6797.9456
Energy +SiH4_opt/1.00-SiH4_b2_66/1.00                           -78.7887    -75.5000      5.0000      0.4326   6798.3783
Energy +SiH4_opt/1.00-SiH4_b2_82/1.00                           -78.7878    -83.7000      5.0000      0.9652   6799.3435
Energy +SiH4_opt/1.00-SiH4_b2_97/1.00                           -78.8370    -91.5000      5.0000      6.4140   6805.7575
Energy +SiH4_opt/1.00-SiH4_b3_13/1.00                           -78.9333    -98.1000      3.0000     40.8181   6846.5756
Energy +H2SiO_opt/1.00-H2SiO_b1_13/1.00                         -85.7441   -237.9000      5.0000    926.0562   7772.6318
Energy +H2SiO_opt/1.00-H2SiO_b1_33/1.00                          -3.0773     -0.0100      5.0000      0.3763   7773.0081
Energy +H2SiO_opt/1.00-H2SiO_b1_53/1.00                         -27.2720    -38.1000      3.0000     13.0274   7786.0355
Energy +H2SiO_opt/1.00-H2SiO_b1_73/1.00                         -35.0934    -17.9000      7.0000      6.0329   7792.0684
Energy +H2SiO_opt/1.00-H2SiO_b1_93/1.00                         -54.0945    -51.9000      7.0000      0.0983   7792.1667
Energy +H2SiO_opt/1.00-H2SiO_b2_13/1.00                         -76.5782    -86.9000      2.0000     26.6350   7818.8017
Energy +H2SiO_opt/1.00-H2SiO_b2_33/1.00                        -106.9335   -117.5000      2.0000     27.9129   7846.7147
Energy +H2SiO_opt/1.00-H2SiO_b4_93/1.00                        -137.8079   -147.2000      0.8000    137.8316   7984.5462
Energy +a1_6/1.00-a1_1/1.00                                     -19.2327     -9.5000      5.0000      3.7890   7988.3353
Energy +a1_6/1.00-a1_2/1.00                                      -1.3800     -1.9000      0.5500      0.8938   7989.2291
Energy +a1_6/1.00-a1_3/1.00                                       0.7404     -0.4000      0.2000     32.5129   8021.7420
Energy +a1_6/1.00-a1_4/1.00                                       0.5088     -0.1000      0.3500      3.0252   8024.7672
Energy +a1_6/1.00-a1_5/1.00                                       0.2062     -0.0100      0.2000      1.1690   8025.9362
Energy +a1_6/1.00-a1_7/1.00                                      -0.1768     -0.0100      0.2000      0.6953   8026.6315
Energy +a1_6/1.00-a1_8/1.00                                      -0.6156     -0.1000      0.5000      1.0632   8027.6947
Energy +a1_6/1.00-a1_9/1.00                                      -1.4582     -0.4000      0.5000      4.4793   8032.1741
Energy +a1_6/1.00-a1_10/1.00                                     -2.5781     -1.4000      1.0000      1.3880   8033.5621
Energy +a1_6/1.00-a1_11/1.00                                     -3.2081     -4.7000      1.0000      2.2257   8035.7877
Energy +a2_6/1.00-a2_1/1.00                                     -15.5086    -13.0000      1.0000      6.2930   8042.0807
Energy +a2_6/1.00-a2_2/1.00                                      -4.1267     -2.9000      1.0000      1.5049   8043.5855
Energy +a2_6/1.00-a2_3/1.00                                      -0.8964     -0.6000      0.5000      0.3514   8043.9370
Energy +a2_6/1.00-a2_4/1.00                                      -0.1057     -0.1000      0.5000      0.0001   8043.9371
Energy +a2_6/1.00-a2_5/1.00                                       0.0323     -0.0100      0.2500      0.0286   8043.9657
Energy +a2_6/1.00-a2_7/1.00                                      -0.0263     -0.0100      0.2500      0.0042   8043.9699
Energy +a2_6/1.00-a2_8/1.00                                      -0.1320     -0.1000      0.5000      0.0041   8043.9740
Energy +a2_6/1.00-a2_9/1.00                                      -0.7298     -0.6000      0.5000      0.0674   8044.0414
Energy +a2_6/1.00-a2_10/1.00                                     -3.7560     -2.6000      1.0000      1.3363   8045.3777
Energy +a2_6/1.00-a2_11/1.00                                    -13.4566    -10.8000      1.0000      7.0577   8052.4354
Energy +a3_6/1.00-a3_1/1.00                                     -15.0491    -16.8000      1.0000      3.0657   8055.5011
Energy +a3_6/1.00-a3_2/1.00                                      -3.3210     -3.6000      1.0000      0.0779   8055.5789
Energy +a3_6/1.00-a3_3/1.00                                      -0.5513     -0.8000      0.5000      0.2474   8055.8263
Energy +a3_6/1.00-a3_4/1.00                                      -0.0372     -0.1000      0.5000      0.0158   8055.8421
Energy +a3_6/1.00-a3_5/1.00                                       0.0377     -0.0100      0.2300      0.0431   8055.8852
Energy +a3_6/1.00-a3_7/1.00                                      -0.1067     -0.0100      0.2300      0.1769   8056.0620
Energy +a3_6/1.00-a3_8/1.00                                      -0.3024     -0.1000      0.5000      0.1639   8056.2259
Energy +a3_6/1.00-a3_9/1.00                                      -1.0616     -0.8000      0.5000      0.2737   8056.4996
Energy +a3_6/1.00-a3_10/1.00                                     -3.7861     -3.4000      1.0000      0.1491   8056.6487
Energy +a3_6/1.00-a3_11/1.00                                    -12.5159    -14.0000      1.0000      2.2026   8058.8513
Energy +a4_6/1.00-a4_1/1.00                                     -10.2531     -8.7000      1.0000      2.4122   8061.2635
Energy +a4_6/1.00-a4_2/1.00                                      -2.7572     -2.0000      0.5000      2.2935   8063.5569
Energy +a4_6/1.00-a4_3/1.00                                      -0.3595     -0.4000      0.5000      0.0066   8063.5635
Energy +a4_6/1.00-a4_4/1.00                                       0.0198     -0.1000      0.5000      0.0574   8063.6209
Energy +a4_6/1.00-a4_5/1.00                                      -0.0439     -0.0100      0.2500      0.0184   8063.6393
Energy +a4_6/1.00-a4_7/1.00                                      -0.2253     -0.0100      0.2500      0.7419   8064.3811
Energy +a4_6/1.00-a4_8/1.00                                      -0.3000     -0.1000      0.5000      0.1600   8064.5411
Energy +a4_6/1.00-a4_9/1.00                                      -1.0527     -0.4000      0.5000      1.7038   8066.2450
Energy +a4_6/1.00-a4_10/1.00                                     -2.7407     -1.9000      0.5000      2.8272   8069.0722
Energy +a4_6/1.00-a4_11/1.00                                     -5.4459     -7.7000      1.0000      5.0810   8074.1532
Energy +a5_6/1.00-a5_1/1.00                                     -12.9817    -14.2000      1.0000      1.4843   8075.6374
Energy +a5_6/1.00-a5_2/1.00                                      -2.5646     -3.0000      0.4000      1.1850   8076.8224
Energy +a5_6/1.00-a5_3/1.00                                      -0.5919     -0.4000      0.5000      0.1472   8076.9697
Energy +a5_6/1.00-a5_4/1.00                                      -0.1390     -0.2000      0.5000      0.0149   8076.9846
Energy +a5_6/1.00-a5_5/1.00                                      -0.0101     -0.0100      0.2500      0.0000   8076.9846
Energy +a5_6/1.00-a5_7/1.00                                      -0.0362     -0.0100      0.2500      0.0110   8076.9955
Energy +a5_6/1.00-a5_8/1.00                                      -0.0028     -0.2000      0.5000      0.1555   8077.1511
Energy +a5_6/1.00-a5_9/1.00                                      -0.2872     -0.9000      0.5000      1.5019   8078.6530
Energy +a5_6/1.00-a5_10/1.00                                     -1.5847     -3.9000      0.5000     21.4427   8100.0957
Energy +a5_6/1.00-a5_11/1.00                                     -6.8469    -15.4000      1.0000     73.1555   8173.2511
Energy +a6_6/1.00-a6_1/1.00                                      -5.6768    -11.0000      1.0000     28.3366   8201.5878
Energy +a6_6/1.00-a6_2/1.00                                       3.5010     -2.3000      0.4000    210.3239   8411.9117
Energy +a6_6/1.00-a6_3/1.00                                       0.1764     -0.5000      0.5000      1.8299   8413.7416
Energy +a6_6/1.00-a6_4/1.00                                       0.1788     -0.1000      0.5000      0.3109   8414.0525
Energy +a6_6/1.00-a6_5/1.00                                       0.0880     -0.0100      0.2500      0.1538   8414.2063
Energy +a6_6/1.00-a6_7/1.00                                      -0.1156     -0.0100      0.2500      0.1783   8414.3845
Energy +a6_6/1.00-a6_8/1.00                                      -0.3694     -0.1000      0.5000      0.2904   8414.6750
Energy +a6_6/1.00-a6_9/1.00                                      -1.2121     -0.5000      0.5000      2.0282   8416.7031
Energy +a6_6/1.00-a6_10/1.00                                     -3.5777     -2.3000      0.5000      6.5305   8423.2336
Energy +a6_6/1.00-a6_11/1.00                                    -10.3383     -9.5000      0.5000      2.8110   8426.0446
Energy +a7_6/1.00-a7_1/1.00                                     -18.6133    -21.0000      0.4000     35.6018   8461.6465
Energy +a7_6/1.00-a7_2/1.00                                      -2.8831     -1.3000      1.0000      2.5063   8464.1528
Energy +a7_6/1.00-a7_3/1.00                                       0.2461     -0.1000      0.5000      0.4791   8464.6319
Energy +a7_6/1.00-a7_4/1.00                                       0.4214     -0.0100      0.5000      0.7444   8465.3763
Energy +a7_6/1.00-a7_5/1.00                                       0.1570     -0.0100      0.2500      0.4464   8465.8227
Energy +a7_6/1.00-a7_7/1.00                                      -0.1322     -0.0100      0.2500      0.2391   8466.0618
Energy +a7_6/1.00-a7_8/1.00                                      -0.2215     -0.0100      0.5000      0.1789   8466.2407
Energy +a7_6/1.00-a7_9/1.00                                      -0.4846     -0.0100      0.5000      0.9008   8467.1415
Energy +a7_6/1.00-a7_10/1.00                                     -1.1158     -0.0100      0.9000      1.5096   8468.6511
Energy +a7_6/1.00-a7_11/1.00                                     -2.6266     -0.0100      0.9000      8.4524   8477.1035
Energy +a8_6/1.00-a8_1/1.00                                     -13.3051    -10.3000      0.7000     18.4293   8495.5327
Energy +a8_6/1.00-a8_2/1.00                                      -4.2597     -1.9000      0.5000     22.2724   8517.8051
Energy +a8_6/1.00-a8_3/1.00                                      -1.5162     -0.1000      0.5000      8.0226   8525.8277
Energy +a8_6/1.00-a8_4/1.00                                      -0.5313     -0.0100      0.5000      1.0869   8526.9146
Energy +a8_6/1.00-a8_5/1.00                                      -0.1380     -0.0100      0.2500      0.2621   8527.1767
Energy +a8_6/1.00-a8_7/1.00                                       0.0358     -0.0100      0.2500      0.0335   8527.2102
Energy +a8_6/1.00-a8_8/1.00                                       0.2064     -0.0100      0.5000      0.1873   8527.3975
Energy +a8_6/1.00-a8_9/1.00                                       0.2576     -0.3000      0.5000      1.2436   8528.6411
Energy +a8_6/1.00-a8_10/1.00                                     -0.2387     -1.4000      1.0000      1.3485   8529.9897
Energy +a8_6/1.00-a8_11/1.00                                     -5.4847     -5.9000      1.0000      0.1725   8530.1621
Energy +SiOH4_opt/1.00-dim1/2.00                                 -4.3740     -3.7000      1.0000      0.4542   8530.6164
Energy +SiOH4_opt/1.00-dim2/2.00                                  1.3958      0.5000      0.5000      3.2100   8533.8264
Energy +dim1/1.00-dim2/1.00                                      11.5396      8.0000      0.9000     15.4673   8549.2937
Energy +cl1_1/1.00-cl1_2/1.00                                    13.9577     15.0000      2.0000      0.2716   8549.5653
Energy +cl1_2/1.00-cl1_3/1.00                                    27.2856     51.7000      2.0000    149.0156   8698.5809
Energy +cl1_3/1.00-cl1_4/1.00                                    -1.8510    -30.1000      3.8000     55.2635   8753.8444
Energy +cl1_4/1.00-cl1_5/1.00                                    47.0492     49.8000      3.8000      0.5240   8754.3684
Energy +62_6/1.00-62_1/1.00                                    -147.5792   -120.5000      1.0000    733.2848   9487.6532
Energy +62_6/1.00-62_2/1.00                                     -29.5257    -32.6000      1.0000      9.4515   9497.1047
Energy +62_6/1.00-62_3/1.00                                      -4.2914     -7.6000      1.0000     10.9468   9508.0516
Energy +62_6/1.00-62_4/1.00                                       0.4722     -1.5000      0.6000     10.8043   9518.8559
Energy +62_6/1.00-62_5/1.00                                       0.5262     -0.2000      0.3000      5.8593   9524.7151
Energy +62_6/1.00-62_7/1.00                                      -0.7506     -0.1000      0.4000      2.6459   9527.3610
Energy +62_6/1.00-62_8/1.00                                      -3.5957     -1.2000      0.8000      8.9676   9536.3286
Energy +62_6/1.00-62_9/1.00                                     -12.7934     -7.3000      1.2000     20.9567   9557.2853
Energy +62_6/1.00-62_10/1.00                                    -41.5628    -34.9000      0.3000    493.2482  10050.5336
Energy +62_6/1.00-62_11/1.00                                   -127.3770   -148.9000      4.0000     28.9524  10079.4860
Energy +61_1/1.00-61_2/1.00                                      -0.1553     -0.0100      0.4000      0.1319  10079.6179
Energy +61_1/1.00-61_3/1.00                                      -0.3589     -0.5000      0.8000      0.0311  10079.6490
Energy +61_1/1.00-61_4/1.00                                      -2.5586     -2.6000      2.0000      0.0004  10079.6494
Energy +61_1/1.00-61_5/1.00                                     -10.7329    -12.0000      2.0000      0.4014  10080.0508
Energy +61_1/1.00-61_6/1.00                                     -39.5517    -51.7000      2.0000     36.8951  10116.9459
Energy +conf1/1.00-conf2/1.00                                    -1.8664     -1.8000      0.4000      0.0275  10116.9734
Energy +conf1/1.00-conf3/1.00                                    -1.7874     -7.4000      0.5000    126.0031  10242.9766
Energy +cond1/1.00-cond2/1.00                                   -55.8676    -34.4000      1.5000    204.8252  10447.8018
Energy +cond3/1.00-cond4/1.00                                   -15.0425    -11.2000      0.6000     41.0140  10488.8158
Energy +Si2H4_opt/1.00-H3SiSiH_opt/1.00                          -1.7552     -5.1000      1.0000     11.1874  10500.0032
Energy +quartz/3.00-SiO2_opt/1.00                              -145.8344   -143.4000      0.5000     23.7044  10523.7076
Energy +quartz/3.00-cris_opt                                      2.6713      0.2600      0.5000     23.2567  10546.9642
Energy +quartz/3.00-coes_opt/8.00                                -5.3158     -3.1700      2.0000      1.1511  10548.1153
Energy +quartz/3.00-stish/2.00                                  -24.5343    -20.4700      0.5000     66.0746  10614.1899
Energy +a_Si_opt/8.00-amorph_Si/8.00                            -10.3726     -8.5000      0.2500     56.1049  10670.2948
Energy +a_Si_opt/8.00-b_Si_opt/4.00                             -14.3681    -16.0000      0.9000      3.2876  10673.5824
Energy +a_Si_opt/8.00-si_sc/1.00                                -30.6321    -24.0000      1.0000     43.9849  10717.5673
Energy +a_Si_opt/8.00-si_av                                      -1.7107     -1.3000      0.2000      4.2168  10721.7841
Energy +a_Si_100/8.00-a_Si_120/8.00                              -8.3219     -2.8000      1.0000     30.4919  10752.2760
Energy +a_Si_100/8.00-a_Si_110/8.00                              -3.0245     -0.3000      0.4000     46.3925  10798.6684
Energy +a_Si_100/8.00-a_Si_90/8.00                               -0.0216     -1.7000      0.4000     17.6074  10816.2758
Energy +a_Si_100/8.00-a_Si_80/8.00                               -4.2202     -8.3000      0.8000     26.0081  10842.2839
Energy +a_Si_100/8.00-a_Si_70/8.00                              -14.0363    -24.3000      1.3000     62.3337  10904.6176
Energy +a_Si_100/8.00-a_Si_60/8.00                              -28.3803    -36.3000      1.2000     43.5564  10948.1741
Energy +b_Si_100/4.00-b_Si_120/4.00                              -7.6061     -2.9000      0.4000    138.4214  11086.5955
Energy +b_Si_100/4.00-b_Si_110/4.00                              -1.7940     -0.8000      0.3000     10.9789  11097.5744
Energy +b_Si_100/4.00-b_Si_90/4.00                               -1.0026     -2.3000      0.4000     10.5204  11108.0948
Energy +b_Si_100/4.00-b_Si_80/4.00                               -5.4648     -4.9000      0.8000      0.4984  11108.5932
Energy +b_Si_100/4.00-b_Si_70/4.00                              -15.3519    -17.2000      1.5000      1.5180  11110.1112
Energy +si_sc100/1.00-si_sc146/1.00                             -15.4933    -11.7100      0.8000     22.3643  11132.4754
Energy +si_sc100/1.00-si_sc133/1.00                              -6.7993     -6.4100      1.5000      0.0674  11132.5428
Energy +si_sc100/1.00-si_sc121/1.00                              -1.8747     -3.0600      1.0000      1.4049  11133.9477
Energy +si_sc100/1.00-si_sc110/1.00                               0.1605     -1.0000      0.4000      8.4173  11142.3650
Energy +si_sc100/1.00-si_sc90/1.00                               -2.7542     -0.8000      0.5000     15.2751  11157.6401
Energy +si_sc100/1.00-si_sc81/1.00                               -8.5256     -7.9000      0.8000      0.6116  11158.2517
Energy +si_sc100/1.00-si_sc73/1.00                              -17.8638    -15.0000      0.8000     12.8147  11171.0663
Energy +si_sc100/1.00-si_sc66/1.00                              -31.3492    -28.2000      1.0000      9.9173  11180.9836
Energy +cris_100     -cris_120                                  -15.7208     -9.0000      0.5000    180.6771  11361.6607
Energy +cris_100     -cris_110                                   -5.6020     -0.6000      0.4000    156.3724  11518.0332
Energy +cris_100     -cris_90                                     2.9449     -0.9000      0.3000    164.2564  11682.2896
Energy +cris_100     -cris_80                                    -0.3078     -3.2000      0.3000     92.9432  11775.2328
Energy +cris_100     -cris_70                                   -10.4402     -7.0000      0.7000     24.1536  11799.3863
Energy +cris_100     -cris_60                                   -32.0455    -16.0000      1.5000    114.4251  11913.8115
Energy +coesite_100/8.00-coesite_120/8.00                        -9.8028    -10.0000      1.0000      0.0389  11913.8503
Energy +coesite_100/8.00-coesite_110/8.00                        -4.0556     -3.1000      1.0000      0.9131  11914.7635
Energy +coesite_100/8.00-coesite_90/8.00                         -3.2959     -3.2000      1.0000      0.0092  11914.7727
Energy +coesite_100/8.00-coesite_80/8.00                        -18.9791    -13.0000      0.8000     55.8589  11970.6316
Energy +coesite_100/8.00-coesite_70/8.00                        -76.9002    -32.0000      1.5000    896.0140  12866.6456
Energy +4ri_5/1.00-4ri_1/1.00                                   -55.6644   -117.6000      3.0000    426.2236  13292.8692
Energy +4ri_5/1.00-4ri_2/1.00                                   -27.5730    -45.8000      3.0000     36.9139  13329.7831
Energy +4ri_5/1.00-4ri_3/1.00                                    -9.8058    -10.5000      3.0000      0.0536  13329.8367
Energy +4ri_5/1.00-4ri_4/1.00                                    -3.8323     -2.6000      3.0000      0.1687  13330.0054
Energy +4ri_5/1.00-4ri_6/1.00                                     2.6115     -2.1000      3.0000      2.4664  13332.4719
Energy +4ri_5/1.00-4ri_7/1.00                                     0.2201     -8.3000      3.0000      8.0658  13340.5376
Energy +4ri_5/1.00-4ri_8/1.00                                   -12.4558    -31.2000      3.0000     39.0383  13379.5760
Energy +4ri_5/1.00-4ri_9/1.00                                   -28.9542    -62.8000      3.0000    127.2822  13506.8582
Energy +4ri_5/1.00-4ri_10/1.00                                  -52.9826    -79.8000      1.5000    319.6326  13826.4908
Energy +4ri_5/1.00-4ri_11/1.00                                  -70.4106    -89.8000      1.5000    167.0881  13993.5789
Energy +4ri_5/1.00-4ri_12/1.00                                 -112.7911    -96.5000      1.5000    117.9559  14111.5348
Energy +SiOH4_opt/1.00-O2SiOH2_H2/1.00                         -144.2870   -134.4000      3.0000     10.8614  14122.3962
Energy +3ring_H2/1.00-O2SiOH2_H2/1.00                            -1.1674    -13.6000      2.0000     38.6425  14161.0387
Energy +4ring/1.00-H2SiO_opt/1.00-H2SiO_opt/1.00               -117.0254   -105.4200      0.6000    374.1251  14535.1638
Energy +6ring/3.00-4ring/2.00                                   -24.5411    -15.0400      1.9000     25.0058  14560.1696
Energy +8ring/4.00-6ring/3.00                                    -3.2630     -2.0300      0.8000      2.3755  14562.5451
Energy +10ring/5.00-8ring/4.00                                    0.7559     -0.0600      1.5000      0.2959  14562.8410
Energy +12ring/6.00-10ring/5.00                                   0.9401      0.0600      1.5000      0.3442  14563.1853
Energy +14ring/7.00-12ring/6.00                                   1.5357      0.2500      1.5000      0.7347  14563.9199
Energy +4ring/1.00-4ringH/1.00                                   44.9448     -5.6500     25.0000      4.0957  14568.0157
Energy +6ring/1.00-6ringH/1.00                                   28.5630    -24.7200     10.0000     28.3908  14596.4065
Energy +8ring/1.00-8ringH/1.00                                   21.1453    -30.8100     10.0000     26.9936  14623.4000
Energy +10ring/1.00-10ringH/1.00                                 17.8502    -24.8500     10.0000     18.2331  14641.6331
Energy +12ring/1.00-12ringH/1.00                                 22.5801    -25.4800     10.0000     23.0977  14664.7308
Energy +4ringII/1.00-SiO2_opt/1.00-SiO2_opt/1.00                -84.1678    -98.3500      0.8000    314.2725  14979.0032
Energy +6ringII/3.00-4ringII/2.00                               -23.1281    -12.9000      0.6000    290.5933  15269.5965
Energy +8ringII/4.00-6ringII/3.00                                -5.7663     -0.8000      0.4000    154.1514  15423.7479
Energy +10ringII/5.00-8ringII/4.00                               -0.8834     -0.1600      1.0000      0.5234  15424.2713
Energy +12ringII/6.00-10ringII/5.00                              -0.0262     -0.2800      1.0000      0.0644  15424.3357
Energy +14ringII/7.00-12ringII/6.00                               1.3649     -0.3100      0.7500      4.9871  15429.3228
Energy +dim2_2/1.00+Hydrogen/2.00-H_dimer/1.00                  -28.0242    -84.5000     30.0000      3.5439  15432.8667
Energy +sico1_2/1.00+sico2_2/1.00-H_dimer/1.00                   25.1590    -10.9200     40.0000      0.8136  15433.6802
Energy +dim2_2/1.00+Hydrogen/2.00-sico1_2/1.00-sico2_2/1.00     -53.1832    -74.5000      2.0000    113.6018  15547.2820
Energy +a_Si_opt/8.00                                          -102.6505   -107.6000      0.5000     97.9904  15645.2724
Energy +pyramid                                                 -60.9137    -73.4000     20.0000      0.3898  15645.6622
Energy +Si14                                                    -65.8100    -68.6000     13.0000      0.0461  15645.7082
Energy +Si18                                                    -68.3392    -69.4300     13.0000      0.0070  15645.7153
Energy +Si22                                                    -70.1268    -68.5000     13.0000      0.0157  15645.7309
Energy +a_Si_opt/8.00-si29_ideal                                -23.2061    -18.0000      0.8000     42.3495  15688.0805
Energy +a_Si_opt/8.00-si29_qmd_1                                -26.8053    -18.1000      0.9000     93.5575  15781.6380
Energy +a_Si_opt/8.00-si29_qmd_3                                -23.2598    -17.7000      0.9000     38.1626  15819.8006
Energy +a_Si_opt/8.00+o2_min/1.00-quartz/3.00                   218.0059    217.6600      0.4000      0.7480  15820.5485
Energy +ocor_2/1.00+Si2H6_opt/1.00-ocor_4/1.00                  -99.8298   -102.5000      1.6000      2.7852  15823.3338
Energy +ocor_2/1.00+Si2H6_opt/2.00-ocor_3/1.00                  -49.5999    -59.0000      2.5000     14.1378  15837.4715
Energy +ocor_2/1.00-Si2H6_opt/2.00-ocor_1/1.00                  -86.4117    -82.6000      2.5000      2.3246  15839.7962
Energy +sico_4/1.00+h2o2_min/1.00-sico_6/1.00                   -20.7925    -60.9000      1.8000    496.4839  16336.2801
Energy +sico_4/1.00+h2o2_min/2.00-sico_5/1.00                     1.5755    -23.6000      1.8000    195.6192  16531.8993
Energy +sico_4/1.00-h2o2_min/2.00-sico_3/1.00                   -92.0132   -108.3000      1.8000     81.8706  16613.7699
Energy +Obridge_opt/1.00-H2SiH2SiO_birad/1.00                   -66.8822    -67.8000      3.0000      0.0936  16613.8635
Energy +Obridge_opt/1.00-H2SiOSiH2_birad/1.00                    -5.7951    -28.4000      2.0000    127.7458  16741.6093
Energy +Obridge_H2_opt/1.00-H3SiHSiO_H2_opt/1.00                -42.8040    -13.2000      2.0000    219.0986  16960.7079
Energy +H3SiOSiH3_opt/1.00-H3SiHSiO_H2_opt/1.00                 -91.2136    -65.2000      2.0000    169.1770  17129.8848
Energy +H3SiOSiH3_opt/1.00-Obridge_H2_opt/1.00                  -48.4097    -53.0000      2.0000      5.2678  17135.1527
Energy +H2SiO_opt/1.00-Si2H4_opt/2.00-o2_min/2.00               -58.4016    -49.1000      3.0000      9.6133  17144.7660
Energy +H2SiO_opt/1.00-h2si/1.00-o2_min/2.00                    -83.7769    -79.5000      3.0000      2.0325  17146.7984
Energy +Bridge_a131/1.00-Bridge_a126/1.00                        -1.7051     -0.7000      0.4000      6.3145  17153.1130
Energy +Bridge_a131/1.00-Bridge_a121/1.00                        -2.0849     -2.0000      0.3000      0.0802  17153.1931
Energy +Bridge_a131/1.00-Bridge_a116/1.00                        -2.1832     -4.0000      0.3000     36.6742  17189.8673
Energy +Bridge_a131/1.00-Bridge_a111/1.00                        -2.5281     -6.8000      0.3000    202.7703  17392.6376
Energy +Bridge_a131/1.00-Bridge_a106/1.00                        -2.8469    -10.6000      0.5000    240.4396  17633.0771
Energy +Bridge_a131/1.00-Bridge_a101/1.00                        -3.5726    -15.9000      0.8000    237.4435  17870.5207
Energy +Bridge_a131/1.00-Bridge_a96/1.00                         -5.4537    -22.7000      1.2000    206.5510  18077.0716
Energy +Bridge_a131/1.00-Bridge_a91/1.00                         -7.4370    -31.1000      1.5000    248.8603  18325.9319
Energy +noBridge/1.00-Bridge/1.00                               -12.1403     -7.8000      1.0000     18.8381  18344.7700
Energy +SiOH4_opt/1.00+Si_SiH3_4_opt/1.00-Si_SiH3_2_OH_2_opt    -17.4884    -31.0200      1.2000    127.1565  18471.9266
Energy +SiOH4_opt/1.00+Si_SiH3_4_opt/1.00-Si_SiH3_3_OH_1_opt     -9.7873    -17.6200      1.3000     36.3022  18508.2288
Energy +SiO2_xtl/8.00+Si_a_xtl     -Si2O3_xtl/6.00              -27.7696    -26.5000      0.7000      3.2895  18511.5182
Energy +SiO2_xtl     +Si_a_xtl     -SiO_xtl                     -27.3326    -26.2000      0.7000      2.6179  18514.1361
Energy +SiO2_xtl     +Si_a_xtl     +Si_a_xtl     -Si2O_xtl      -43.3796    -49.6000      0.5000    154.7734  18668.9095
Energy +Si2O3_xtl     -Si2O3_xtl_v0                             -10.2220     -0.0100      1.0000    104.2848  18773.1943
Energy +Si2O_xtl     -Si2O_xtl_v0                               -10.6488     -0.0100      1.0000    113.1844  18886.3787
Energy +SiO_xtl     -SiO_xtl_v0                                  -4.7413     -0.0100      1.5000      9.9490  18896.3277
Energy +Si_a_xtl     -Si_a_xtl_v0                                -1.7183     -0.0100      5.0000      0.1167  18896.4444
Energy +SiO2_xtl     -SiO2_xtl_v0                                -2.9386     -0.0100      5.0000      0.3431  18896.7875
Energy +ip1_cr/1.00-ip1_cp/1.00                                  -3.0721     -2.2600      0.5000      2.6378  18899.4253
Energy +ip1_cr/1.00-ip1_ts/1.00                                 -16.8808    -17.8400      0.3500      7.5112  18906.9365
Energy +ip3_cr/1.00-ip3_cp/1.00                                  -0.4714     -0.8100      5.2500      0.0042  18906.9407
Energy +ip5_cr/1.00-ip5_cp/1.00                                   3.4556      8.8400      5.2500      1.0519  18907.9926
Energy +ip10_cr/1.00-ip10_cp/1.00                                -0.4169     -8.5100     50.2500      0.0259  18908.0185
Energy +ts2_cp/1.00-ts2_cr/1.00                                  -5.6743     -4.7600      0.5000      3.3436  18911.3622
Energy +ts2_cp/1.00-ts2_path_ts4/1.00                           -25.7804    -30.8800      1.0000     26.0061  18937.3683
Energy +ts2_cp/1.00-ts2_cp/1.00                                   0.0000     -0.0100      0.4000      0.0006  18937.3689
Energy +L1_cp/1.00-L1_cr/1.00                                    -7.0601     -6.2300      0.5000      2.7566  18940.1255
Energy +L1_cp/1.00-L1_ts/1.00                                   -22.5002    -33.7300      0.5000    504.4365  19444.5620
Energy +L1_cp/1.00-L1_cp/1.00                                     0.0000     -0.0100      0.5000      0.0004  19444.5624
Energy +3ring_cr/1.00-3ring_cr/1.00                               0.0000     -0.0100      0.5000      0.0004  19444.5628
Energy +3ring_cr/1.00-3ring_ts/1.00                             -29.7286    -28.0000      0.5000     11.9527  19456.5155
Energy +3ring_cr/1.00-3ring_cp/1.00                              -3.5873     -0.1900      0.5000     46.1662  19502.6817
Energy +ts1_cr/1.00-ts1_precr/1.00                               -6.9883     -6.4400      0.5000      1.2025  19503.8842
Energy +ts1_cr/1.00-ts1_prets/1.00                              -18.9647    -19.5100      0.5000      1.1894  19505.0735
Energy +ts1_cr/1.00-ts1_cr/1.00                                   0.0000      0.0100      0.5000      0.0004  19505.0739
Energy +ts1_cr/1.00-ts1_ts/1.00                                 -16.0017    -17.0500      0.3500      8.9708  19514.0448
Energy +ts1_cr/1.00-ts1_cp/1.00                                   0.0715     -2.9600      0.3500     75.0214  19589.0661
Energy +L1_ts1_cr/1.00-L1_ts1_precr/1.00                         -8.5019     -7.7200      0.5000      2.4455  19591.5116
Energy +L1_ts1_cr/1.00-L1_ts1_prets/1.00                        -18.2537    -17.5700      0.5000      1.8700  19593.3816
Energy +L1_ts1_cr/1.00-L1_ts1_cr/1.00                             0.0000     -0.0100      0.5000      0.0004  19593.3820
Energy +L1_ts1_cr/1.00-L1_ts1_ts/1.00                           -13.4846    -17.7600      0.5000     73.1162  19666.4982
Energy +L1_ts1_cr/1.00-L1_ts1_cp/1.00                             1.8163     -1.9000      0.5000     55.2427  19721.7409
Energy +Si3_precr/1.00-Si3_precr/1.00                             0.0000     -0.0100      0.4000      0.0006  19721.7415
Energy +Si3_precr/1.00-Si3_prets/1.00                           -13.8611     -6.4400      0.4000    344.2074  20065.9489
Energy +Si3_precr/1.00-Si3_cr/1.00                                3.2821     -3.0800      0.3500    330.4239  20396.3728
Energy +Si3_precr/1.00-Si3_ts/1.00                              -17.8172    -17.0100      0.4000      4.0727  20400.4455
Energy +Si3_precr/1.00-Si3_cp/1.00                               -0.6503     -0.4700      0.4000      0.2031  20400.6486
Energy +L2_4l1_cr/1.00-L2_4l1_precr/1.00                        -12.3686    -13.0100      0.5000      1.6458  20402.2944
Energy +L2_4l1_precr/1.00-L2_4l1_prets/1.00                     -16.8863    -16.6900      0.5000      0.1542  20402.4486
Energy +L2_4l1_cr/1.00-L2_4l1_cr/1.00                             0.0000     -0.0100      0.5000      0.0004  20402.4490
Energy +L2_4l1_cr/1.00-L2_4l1_ts/1.00                           -14.3237    -17.5100      0.5000     40.6089  20443.0579
Energy +L2_4l1_cr/1.00-L2_4l1_cp/1.00                            -1.0392     -0.4900      0.5000      1.2067  20444.2646
Energy +L2_42_cp/1.00-L2_42_precr/1.00                          -10.6411    -15.7200      0.5000    103.1806  20547.4451
Energy +L2_42_precr/1.00-L2_42_prets/1.00                       -16.2471    -20.2300      0.5000     63.4547  20610.8998
Energy +L2_42_cp/1.00-L2_42_cr/1.00                              -7.4860     -6.2700      0.5000      5.9151  20616.8149
Energy +L2_42_cp/1.00-L2_42_ts/1.00                             -20.3206    -22.7800      0.5000     24.1944  20641.0093
Energy +L2_42_cp/1.00-L2_42_cp/1.00                               0.0000     -0.0100      0.5000      0.0004  20641.0097
Energy +4mr_precr/1.00-4mr_precr/1.00                             0.0000     -0.0100      0.5000      0.0004  20641.0101
Energy +4mr_precr/1.00-4mr_prets/1.00                           -14.6018     -7.6600      0.5000    192.7538  20833.7639
Energy +4mr_precr/1.00-4mr_cr/1.00                                0.2718     -2.0600      0.3500     44.3877  20878.1516
Energy +4mr_precr/1.00-4mr_ts/1.00                              -15.5236    -18.0500      0.5000     25.5309  20903.6825
Energy +4mr_precr/1.00-4mr_cp/1.00                               -0.0614     -1.3300      0.5000      6.4376  20910.1201
Energy +H2O_SiOH4_opt/1.00-H2O_SiOH4_1_8/1.00                   -25.4545    -25.0000      2.5000      0.0331  20910.1532
Energy +H2O_SiOH4_opt/1.00-H2O_SiOH4_2_0/1.00                    -8.8709     -5.0000      2.5000      2.3974  20912.5506
Energy +H2O_SiOH4_opt/1.00-H2O_SiOH4_2_2/1.00                    -0.5030     -0.0100      2.5000      0.0389  20912.5895
Energy +H2O_SiOH4_opt/1.00-H2O_SiOH4_2_4/1.00                    -4.0786     -5.0100      2.5000      0.1388  20912.7283
Energy +H2O_SiOH4_opt/1.00-H2O_SiOH4_2_6/1.00                     0.1468     -8.0100      1.7000     23.0217  20935.7500
Energy +H2O_SiOH4_opt/1.00-H2O_SiOH4_2_8/1.00                     5.1770     -4.0100      1.7000     29.2047  20964.9547
Energy +H2O_SiOH4_opt/1.00-H2O_SiOH4_3_0/1.00                     8.3148     -0.0100      1.7000     23.9802  20988.9349
Energy +H2O_SiOH4_opt/1.00-H2O_SiOH4_3_2/1.00                     9.6780      1.0100      1.7000     25.9979  21014.9328
Energy +H2O_SiOH4_opt/1.00-H2O_SiOH4_5_00/1.00                    7.1187      0.0100      1.7000     17.4859  21032.4187
Energy +mono_mono/1.00-dimer_water/1.00                          24.4041     20.8000      0.4000     81.1848  21113.6036
Energy +dimer_mono/1.00-trimer_water/1.00                        18.6591     14.3000      0.4000    118.7587  21232.3622
Energy +trimer_nowater/1.00-3mer_ring/1.00                       -1.4212     -0.4300      0.4000      6.1410  21238.5032
Energy +trimer_mono/1.00-4mer_water/1.00                         18.0258     20.8000      0.4000     48.1022  21286.6055
Energy +trimer_mono/1.00-4mer_br_water/1.00                      25.2076     28.9000      0.4000     85.2112  21371.8166
Energy +4mer_water/1.00-4mer_br_water/1.00                        7.1818      8.1000      0.4000      5.2689  21377.0856
Energy +4mer_nowater/1.00-4mer_ring/1.00                          3.8675     -1.5400      0.4000    182.7550  21559.8405
Energy +trimer_nowater/1.00-3ring_nowater/1.00-h2o_min/1.00     -23.9300    -14.3000      1.0000     92.7365  21652.5770
Energy +4mer_nowater/1.00-4ring_nowater/1.00-h2o_min/1.00       -11.9897    -15.3000      5.0000      0.4383  21653.0153
Energy +delta_47_B/1.00-delta_47_B/1.00                           0.0000      0.0001     10.0000      0.0000  21653.0153
Energy +delta_33/1.00-delta_47_B/1.00                             4.3150      2.5000     10.0000      0.0329  21653.0483
Energy +delta_24/1.00-delta_47_B/1.00                            35.2479     37.2000      1.0000      3.8105  21656.8588
Energy +ATS_16/1.00-delta_47_B/1.00                              64.8872     58.3430      0.5000    171.3043  21828.1631
Energy +delta_0/1.00-delta_47_B/1.00                             56.3090     46.2000      0.5000    408.7670  22236.9300
Energy +delta_m17/1.00-delta_47_B/1.00                           23.0898     21.9000      1.0000      1.4156  22238.3456
Energy +delta_m26/1.00-delta_47_B/1.00                           18.2127      9.2000      1.0000     81.2284  22319.5740
Energy +delta_m33/1.00-delta_47_B/1.00                            4.1524      2.3000     10.0000      0.0343  22319.6083
Energy +delta_m47_B/1.00-delta_47_B/1.00                         -0.2669      0.0001     10.0000      0.0007  22319.6090
Energy +Si_217_T/1.00-delta_47_B/1.00                            84.4217     85.7850      0.5000      7.4340  22327.0430
Energy +Si_217_H/1.00-delta_47_B/1.00                            85.4461     87.8610      0.3000     64.7966  22391.8397
Energy +O_vac_in_SiO2     -Pristine_SiO2     +O2/2.00           134.3466    139.0000      3.0000      2.4060  22394.2456
